347.0
414.0
40.0
134.0
462.0
467.0
72.0
88.0
344.0
489.0
2.0
68.0
196.0
360.0
507.0
646.0
52.0
113.0
201.0
171.0
326.0
442.0
563.0
395.0
434.0
91.0
384.0
401.0
520.0
433.0
427.0
553.0
47.0
133.0
693.0
105.0
198.0
516.0
673.0
37.0
612.0
164.0
237.0
464.0
545.0
131.0
316.0
614.0
66.0
160.0
43.0
387.0
4.0
223.0
296.0
340.0
499.0
681.0
106.0
32.0
38.0
366.0
295.0
528.0
576.0
116.0
455.0
573.0
92.0
431.0
99.0
307.0
588.0
638.0
583.0
103.0
204.0
532.0
44.0
45.0
330.0
365.0
8.0
146.0
212.0
415.0
490.0
707.0
621.0
582.0
680.0
64.0
154.0
193.0
221.0
256.0
290.0
374.0
3.0
18.0
468.0
593.0
598.0
61.0
175.0
623.0
39.0
342.0
376.0
544.0
54.0
451.0
225.0
606.0
27.0
112.0
127.0
487.0
617.0
666.0
71.0
130.0
277.0
495.0
603.0
644.0
85.0
187.0
341.0
444.0
209.0
692.0
310.0
354.0
525.0
280.0
373.0
328.0
677.0
189.0
278.0
299.0
314.0
579.0
383.0
244.0
70.0
177.0
411.0
428.0
479.0
712.0
417.0
230.0
599.0
126.0
357.0
641.0
167.0
447.0
708.0
46.0
370.0
385.0
643.0
97.0
561.0
60.0
79.0
122.0
363.0
697.0
482.0
31.0
125.0
626.0
152.0
233.0
378.0
409.0
422.0
477.0
560.0
580.0
660.0
683.0
309.0
343.0
597.0
498.0
524.0
194.0
217.0
250.0
264.0
289.0
453.0
595.0
636.0
197.0
293.0
124.0
195.0
75.0
120.0
279.0
425.0
459.0
486.0
577.0
100.0
29.0
627.0
671.0
210.0
234.0
624.0
674.0
220.0
543.0
111.0
143.0
153.0
320.0
179.0
191.0
581.0
709.0
36.0
206.0
405.0
461.0
33.0
213.0
254.0
261.0
322.0
372.0
616.0
701.0
156.0
379.0
424.0
559.0
630.0
655.0
679.0
240.0
438.0
555.0
98.0
205.0
485.0
227.0
496.0
668.0
190.0
445.0
199.0
180.0
421.0
550.0
440.0
172.0
276.0
403.0
432.0
637.0
665.0
128.0
186.0
255.0
284.0
327.0
361.0
408.0
556.0
219.0
446.0
699.0
248.0
539.0
169.0
62.0
215.0
457.0
94.0
339.0
349.0
22.0
548.0
590.0
656.0
17.0
19.0
123.0
139.0
200.0
241.0
491.0
