321.0
81.0
105.0
329.0
497.0
358.0
3.0
300.0
357.0
381.0
161.0
510.0
155.0
239.0
511.0
72.0
143.0
172.0
370.0
447.0
17.0
106.0
113.0
129.0
353.0
387.0
407.0
412.0
490.0
515.0
523.0
12.0
37.0
193.0
284.0
323.0
343.0
344.0
404.0
438.0
460.0
479.0
18.0
29.0
49.0
71.0
229.0
301.0
339.0
342.0
413.0
445.0
526.0
5.0
8.0
30.0
38.0
145.0
195.0
214.0
236.0
309.0
315.0
324.0
327.0
385.0
394.0
494.0
74.0
82.0
111.0
142.0
182.0
203.0
207.0
217.0
293.0
430.0
441.0
459.0
487.0
493.0
1.0
9.0
39.0
75.0
93.0
158.0
160.0
222.0
227.0
276.0
294.0
308.0
328.0
365.0
406.0
429.0
462.0
468.0
480.0
484.0
486.0
491.0
518.0
529.0
60.0
126.0
151.0
167.0
256.0
291.0
337.0
372.0
488.0
525.0
62.0
80.0
148.0
149.0
157.0
173.0
212.0
254.0
318.0
422.0
435.0
496.0
52.0
61.0
76.0
204.0
221.0
275.0
283.0
297.0
319.0
347.0
351.0
359.0
366.0
410.0
419.0
442.0
453.0
456.0
465.0
475.0
489.0
507.0
6.0
90.0
115.0
136.0
166.0
271.0
331.0
332.0
388.0
405.0
416.0
471.0
512.0
516.0
4.0
56.0
122.0
188.0
216.0
224.0
245.0
296.0
322.0
401.0
451.0
492.0
19.0
23.0
50.0
175.0
230.0
257.0
260.0
278.0
362.0
398.0
400.0
426.0
482.0
48.0
92.0
132.0
152.0
210.0
306.0
314.0
355.0
377.0
378.0
402.0
