4,3468,5,978294008
4,1210,3,978293924
4,2951,4,978294282
4,1214,4,978294260
4,1036,4,978294282
4,260,5,978294199
4,2028,5,978294230
4,480,4,978294008
4,1196,2,978294199
4,1198,5,978294199
4,1954,5,978294282
4,1097,4,978293964
4,3418,4,978294260
4,3702,4,978294260
4,2366,4,978294230
4,1387,5,978294199
4,3527,1,978294008
4,1201,5,978294230
4,2692,5,978294230
4,2947,5,978294230
4,1240,5,978294260
89,3868,1,993956351
89,3869,1,993956351
89,1193,5,977683596
89,733,5,977683838
89,920,5,977683596
89,2431,5,977683675
89,1704,4,993955777
89,3173,4,977683505
89,3408,4,993955764
89,3265,4,993956322
89,1961,4,977683623
89,370,1,993956351
89,2791,1,993955973
89,2792,1,993955973
89,527,5,993955959
89,3740,3,993963368
89,2947,5,977683792
89,1136,1,977683744
89,1218,4,993956335
89,2028,4,977683540
89,1080,1,977683744
94,3933,3,977628482
94,1321,3,977628700
94,1258,3,977628669
94,1261,4,977628700
94,3018,5,977628700
94,1349,3,977628700
94,2085,3,977628455
94,908,4,977628455
94,2288,5,977628669
94,2377,5,977628669
94,2455,4,977628669
94,2716,4,977628669
94,1961,4,977628482
94,3576,4,977628669
94,1994,2,977628669
94,2003,5,977628700
94,1130,4,977628669
94,3837,3,977628700
94,551,5,977628502
94,3917,4,977628669
94,2118,4,977628669
98,648,4,977619500
98,1250,5,977619349
98,593,3,977619797
98,2302,3,977618950
98,2241,3,977619554
98,920,5,977619248
98,1562,3,977619248
98,3244,3,977618854
98,3507,4,977619376
98,2657,1,977619456
98,318,5,977619823
98,3578,5,977619376
98,296,4,977619823
98,2791,5,977619432
98,1129,4,977619477
98,1997,2,977619349
98,527,5,977619797
98,3821,4,977619640
98,1210,3,977618854
98,2028,5,977618907
158,1252,5,977243417
158,1262,5,977243282
158,1267,4,977243417
158,1284,4,977243197
158,912,4,977242756
158,922,3,977243197
158,923,3,977243197
158,926,3,977243417
158,858,5,977243417
158,943,4,977242756
158,111,5,977243417
158,1812,5,977243417
158,3435,4,977243104
158,2717,2,977242756
158,239,4,977243104
158,3713,5,977242930
158,376,5,977242756
158,1998,2,977242756
158,1204,4,977243417
158,73,4,977243197
158,2019,4,977243197
158,2973,4,977243197
160,648,2,977219958
160,3793,3,977219844
160,3798,3,1016381272
160,1282,4,977219812
160,1286,5,977219988
160,2160,3,977219844
160,1387,3,977219711
160,1396,4,977219711
160,1544,3,977220010
160,3185,3,1016380953
160,3408,4,1016380849
160,3510,3,1016380849
160,260,4,977219710
160,2858,4,977219812
160,2791,3,977219844
160,3598,4,1016380918
160,1210,3,977219674
160,480,4,977219922
160,3916,5,1016380849
160,1097,3,977219644
197,1259,5,977004238
197,1197,5,977003742
197,593,4,977004030
197,1270,2,977003715
197,3897,3,977004002
197,1370,2,977003650
197,2324,5,977004098
197,1393,3,977004480
197,3147,4,977004284
197,2272,4,977003680
197,3160,4,977004257
197,318,5,977003951
197,3538,5,977028998
197,265,5,977004334
197,3481,4,977004785
197,412,2,977004480
197,2858,5,977029046
197,1060,4,977004178
197,1222,4,977004146
197,480,3,977003680
197,1090,3,977004414
197,1246,5,977004310
213,588,5,976900243
213,1,5,976900243
213,1265,3,976900243
213,3114,5,976900243
213,2321,4,976900356
213,920,4,976900016
213,852,4,976900356
213,1608,5,976900016
213,2355,5,976900209
213,2431,5,976900426
213,3253,3,976900356
213,1580,4,976900398
213,110,5,976900045
213,2622,4,976900379
213,1680,4,976900497
213,224,5,976900356
213,260,4,976900058
213,11,4,976900320
213,34,3,976900264
213,1042,4,976900283
213,440,4,976900426
213,1210,4,976900034
217,648,3,976856598
217,1250,3,976856488
217,2134,2,976856386
217,1197,5,976856308
217,2302,4,976856730
217,1617,3,976856297
217,2542,5,976856442
217,3354,2,976856619
217,3484,1,976856619
217,2763,5,976856632
217,356,4,976856328
217,1101,5,976856419
217,2918,5,976856407
217,3578,4,976856586
217,2858,4,976856488
217,50,5,976856431
217,3745,5,976856619
217,1210,3,976856287
217,480,3,976856503
217,1097,3,976856267
226,1186,3,976830774
226,1196,3,976830668
226,920,3,976830460
226,3072,4,976830393
226,2527,3,976830460
226,1739,2,976830393
226,3432,3,976830460
226,3361,5,976830668
226,3438,2,976830393
226,2716,4,976830792
226,2739,4,976830818
226,1953,2,976830393
226,1960,2,976830668
226,1968,4,976830685
226,1036,4,976830752
226,2791,5,976830774
226,1079,4,976830717
226,1220,3,976830717
226,1225,5,976830752
226,1307,5,976830792
226,1246,5,976830818
250,1249,4,976724358
250,648,4,976724438
250,762,3,976724227
250,1466,4,976724418
250,1544,4,976724500
250,3078,3,976724253
250,3286,2,976724460
250,3510,5,976724382
250,3452,4,976724609
250,356,4,976724273
250,1976,3,976724516
250,2858,3,976724332
250,2791,5,976724358
250,2792,3,976724477
250,1129,5,976724418
250,2948,5,976724332
250,464,3,976724273
250,1214,4,976724227
250,480,4,976724382
250,1097,3,976724253
277,589,4,976587285
277,1265,4,976587150
277,1197,4,976586820
277,593,4,976586986
277,1704,4,976586950
277,2291,3,976587244
277,3248,2,976586986
277,3175,3,976587310
277,1580,4,976587310
277,2396,4,976587166
277,2628,4,976587285
277,2571,5,976587285
277,17,4,976587244
277,25,2,976587244
277,2762,5,976586831
277,1961,4,976586866
277,356,4,976587150
277,2916,3,976587285
277,293,4,976587150
277,380,3,976587244
277,1210,4,976586950
277,480,4,976587310
311,648,5,976477126
311,1196,4,1008979300
311,1198,5,1008979300
311,1291,4,976477011
311,1544,2,976477104
311,3156,4,976476973
311,1704,5,976476940
311,1721,4,976476710
311,260,5,1008979300
311,3623,4,976477126
311,2762,4,976476733
311,1968,5,976476733
311,296,4,976477163
311,527,4,976476752
311,457,3,1008979320
311,1210,5,976476710
311,2965,1,976477071
311,480,5,976477104
311,2115,5,976477011
311,1246,5,976476909
315,1193,5,976465623
315,1269,5,976465823
315,1196,4,976465584
315,903,5,976465823
315,904,5,976465795
315,920,3,976465561
315,924,4,976465795
315,2414,5,976465873
315,1544,2,976465958
315,950,4,976465854
315,951,4,976466008
315,2467,5,976465854
315,3500,1,976465604
315,3555,3,976465945
315,277,5,976466110
315,1964,2,976465854
315,2948,5,976465945
315,3751,3,976466008
315,3753,4,976465693
315,1212,3,976465823
315,1086,4,976465854
315,480,4,976465541
317,1252,5,976461431
317,1193,4,976460903
317,1269,4,976461509
317,1196,4,976461250
317,595,3,976460903
317,1294,4,976461454
317,912,5,976461542
317,3421,2,976461395
317,2804,3,976461304
317,3471,5,976461571
317,260,4,976461395
317,3552,2,976460903
317,1957,4,976461304
317,3638,2,976460939
317,1961,4,976461341
317,1962,4,976461304
317,2000,4,976460939
317,1136,5,976461395
317,1225,4,976461250
317,1097,4,976461276
317,3929,4,976461509
318,1193,4,976426473
318,590,3,976426440
318,2070,3,976427074
318,2077,4,976426440
318,920,5,976426440
318,2336,5,976426748
318,3219,3,976426974
318,2355,5,976426689
318,3176,4,976427074
318,2390,4,976426896
318,2396,4,976427044
318,2716,4,976426835
318,3384,5,976427074
318,314,4,976427044
318,3543,4,976426729
318,1959,4,976426974
318,2761,2,976426896
318,2699,2,976426650
318,3751,5,976426710
318,2013,4,976426996
318,3683,5,976426498
320,1249,5,976418675
320,1250,5,976418655
320,804,4,976418782
320,1196,5,976418588
320,1282,4,976418725
320,2160,5,976418707
320,1296,4,976418569
320,3072,3,976418569
320,3159,4,976418675
320,3513,4,976418765
320,266,5,976418742
320,3624,4,976418707
320,3555,4,976418754
320,361,4,976418588
320,2858,5,976418655
320,2948,3,976418655
320,3751,4,976418707
320,3753,5,976418707
320,3755,2,976418782
320,2028,5,976418604
320,480,5,976418707
341,1249,5,976339471
341,648,5,976339731
341,1286,5,976339731
341,949,5,976338875
341,3300,3,976339471
341,110,5,976338841
341,1584,4,976338916
341,3265,5,976339858
341,3510,4,976339652
341,2640,4,976338916
341,1912,5,976339910
341,327,4,976338940
341,3624,3,976339502
341,2692,3,976339910
341,2858,5,976339341
341,2791,5,976339516
341,3755,2,976339683
341,1214,4,976339910
341,480,3,976339555
341,1233,5,976339858
356,2121,4,976318599
356,2122,4,976318477
356,3016,4,976318457
356,2357,5,979640970
356,2505,5,979641486
356,2516,4,976318667
356,3175,5,979641187
356,2617,4,976317781
356,1690,5,976318557
356,1771,5,976318457
356,1779,3,979641238
356,3461,5,979641405
356,253,5,976318337
356,2672,4,976317600
356,2676,5,979641003
356,3709,5,976318683
356,3499,5,976318285
356,1997,3,976318231
356,60,4,976317761
356,480,4,976317600
356,3927,4,976318131
383,3793,3,976306264
383,3798,3,976306173
383,2997,4,976300406
383,1193,4,976300204
383,807,4,976300268
383,1197,5,976306289
383,3114,4,976306247
383,913,5,976306079
383,920,4,976300268
383,780,2,976300204
383,3176,4,976306156
383,2531,3,976300226
383,2707,4,976300394
383,223,3,976300432
383,237,4,976300268
383,2762,4,976306145
383,2690,4,976300498
383,1973,1,976300268
383,508,4,976300226
383,2858,4,976300381
383,2959,2,976300462
417,2987,4,976285625
417,588,3,976285594
417,1,4,976285594
417,2139,5,976285594
417,594,5,976285625
417,595,3,976285594
417,596,3,976285625
417,1274,5,976285625
417,741,3,976285562
417,2078,3,976285562
417,3114,4,976285562
417,3044,4,976285347
417,968,5,976285368
417,2700,3,976285594
417,260,5,976285347
417,2918,5,976285368
417,1033,3,976285625
417,1036,5,976285347
417,2857,5,976285625
417,3745,3,976285562
417,3751,4,976285594
417,1148,5,976285562
421,3005,5,976282583
421,1422,4,976282726
421,1370,5,976282485
421,1459,5,976282737
421,1479,4,976282146
421,879,4,976282609
421,2423,5,976282502
421,1721,3,976282172
421,2713,4,976282660
421,165,5,976282485
421,11,5,976282422
421,3555,4,976282836
421,2762,5,976282460
421,1036,5,976282485
421,296,1,976282189
421,380,5,976282403
421,1210,5,976282226
421,3755,3,976282836
421,558,4,976282226
421,2046,4,976282226
535,2987,3,976139053
535,3408,4,976138673
535,1127,3,976138439
535,608,5,976138839
535,480,4,976138134
535,631,2,976138134
535,3875,1,976138188
535,3114,5,976139053
535,3157,3,976139025
535,3175,4,976138728
535,3176,4,976139025
535,2394,5,976138940
535,2702,1,976139025
535,2716,4,976138728
535,3543,4,976138652
535,1959,5,976138912
535,2761,5,976138774
535,1069,1,976138188
535,1210,5,976138245
535,2013,4,976138940
535,1087,3,976138245
559,1265,2,976047042
559,593,4,976046903
559,924,5,976046903
559,1483,2,976046886
559,2291,3,976047042
559,1641,4,976046522
559,1674,4,976046903
559,446,2,976047042
559,457,5,976046914
559,1183,1,976047042
559,1185,3,976046543
559,1188,3,976047026
559,3176,3,976046563
559,2396,2,976047042
559,3370,4,976046886
559,3536,2,976046993
559,185,3,976046563
559,17,2,976047026
559,3700,1,976046532
559,2762,5,976046956
559,1961,3,976046552
572,3793,3,975996409
572,1294,1,975996296
572,3225,4,975996488
572,3408,3,975996377
572,3285,2,975996497
572,3615,2,975996377
572,3616,3,975996507
572,2820,2,975996296
572,3623,4,975996453
572,3861,5,975996377
572,810,1,975996280
572,1374,3,975996296
572,3177,3,975996431
572,3578,4,975996409
572,1975,1,975996253
572,3594,3,975996377
572,3745,4,975996461
572,2006,5,975996296
572,3916,5,975996377
572,1097,3,975996266
574,2997,3,975991258
574,1,4,975991241
574,3006,3,975991281
574,593,5,975991196
574,1274,4,975991048
574,2405,1,975991048
574,3426,1,975991048
574,246,3,975991258
574,296,5,975991241
574,2858,5,975991196
574,608,5,975991220
574,318,5,975991196
574,2599,5,975991281
574,1961,4,975991048
574,32,5,975991048
574,50,5,975991196
574,527,5,975991220
574,1213,5,975991241
574,2966,3,975991220
574,1089,5,975991220
574,1243,5,975991048
640,2997,5,975726174
640,6,4,975726131
640,3006,5,975726131
640,593,5,975726162
640,1294,2,975726081
640,778,5,975726198
640,1617,5,975726218
640,1619,4,975726081
640,3270,3,975726162
640,1673,5,975726131
640,3617,5,975726081
640,2672,5,975726081
640,296,5,975726198
640,608,5,975726198
640,1358,3,975726198
640,318,5,975726162
640,175,4,975726081
640,2762,5,975726218
640,1961,5,975726081
640,351,1,975726131
640,34,5,975726198
653,2997,4,975700481
653,1,3,975700204
653,902,5,975700363
653,3408,4,975700578
653,1680,5,975700163
653,2490,4,975700718
653,2686,4,975700741
653,2688,4,975700601
653,2858,3,975700444
653,1513,5,975700762
653,3176,4,975700185
653,3179,5,975700444
653,1721,4,975700223
653,1727,4,975700363
653,2396,5,975700762
653,2712,3,975700578
653,3516,5,975700501
653,2585,4,975700649
653,2734,5,975700691
653,1959,5,975700691
653,2013,2,975700718
665,1258,4,975645650
665,1407,4,975645686
665,590,2,975645414
665,799,4,975645650
665,2288,4,975645686
665,253,5,975645650
665,3660,1,975645650
665,3661,2,975645414
665,2867,1,975645650
665,1198,3,975645414
665,1527,5,975645414
665,1529,5,975645741
665,1387,4,975645650
665,3324,3,975645414
665,2716,5,975645650
665,188,2,975645650
665,1982,5,975645686
665,2003,4,975645650
665,1214,2,975645686
665,1219,5,975645686
703,3932,4,975548642
703,1259,5,975548642
703,1269,4,975548612
703,1282,4,975548612
703,1284,5,975548642
703,908,5,975548574
703,951,5,975548642
703,2291,4,975548574
703,1648,4,975548497
703,3251,4,975548497
703,277,3,975548574
703,2858,5,975548574
703,1198,2,975548456
703,2160,4,975548706
703,858,5,975548412
703,110,3,975548497
703,1965,4,975548669
703,1035,3,975548706
703,2966,4,975548574
703,1247,5,975548412
708,1259,3,975542175
708,589,5,975542174
708,1466,3,975542193
708,2291,1,975542262
708,1673,4,975542239
708,277,5,975542076
708,2858,4,975542175
708,1129,3,975542175
708,3675,4,975542300
708,2109,5,975542045
708,648,3,975542277
708,694,3,975542076
708,1580,3,975542225
708,110,5,975542174
708,3513,5,975542262
708,2791,4,975542193
708,1201,5,975542076
708,3753,5,975542365
708,3755,2,975542262
708,2023,5,975542076
761,3793,5,975451053
761,589,5,975451405
761,1,4,975451381
761,3948,4,975451290
761,924,5,975451234
761,780,5,975451188
761,2105,4,975450721
761,3114,5,975451381
761,2325,5,975451333
761,3147,5,975451166
761,1590,4,975451258
761,2706,5,975451319
761,2571,5,975451206
761,1917,3,975450661
761,2582,5,975450755
761,2916,5,975450679
761,3578,5,975451346
761,3745,4,975451083
761,2028,5,975450740
761,1240,3,975451413
821,588,3,975382146
821,3948,2,975382264
821,3949,5,975382264
821,3952,3,975382339
821,2628,2,975382180
821,261,2,975382180
821,3865,1,975382339
821,2135,3,975382180
821,3880,4,975382293
821,3893,3,975382293
821,3896,2,975382264
821,3897,4,975382264
821,2524,4,975382146
821,3509,3,975382180
821,2769,2,975382293
821,527,4,975382146
821,3901,1,975382293
821,3910,5,975382293
821,3913,4,975382264
821,3915,2,975382339
821,3916,3,975382293
833,3798,4,975362402
833,593,5,975362728
833,1271,4,975362333
833,266,5,975363299
833,1882,4,975362402
833,2688,5,975363517
833,2840,3,975362259
833,2858,5,975363807
833,457,3,975363779
833,3827,4,975363566
833,1193,5,975362707
833,3101,3,975362366
833,1517,2,975363272
833,1704,4,975363756
833,316,4,975363398
833,318,5,975362609
833,344,2,975362488
833,2762,4,975363756
833,1035,5,975362856
833,527,4,975362707
833,2028,5,975362609
906,1270,5,975209314
906,780,5,975209678
906,208,2,975209476
906,2485,1,975209337
906,1895,4,975209206
906,2500,1,975209515
906,110,5,975209454
906,2541,5,975209552
906,2571,5,975209275
906,1917,3,975209494
906,1923,5,975209419
906,15,1,975209171
906,3702,5,975209206
906,3593,1,975209360
906,69,3,975209171
906,2011,5,975209314
906,2012,4,975209314
906,1210,5,975209171
906,3901,1,975209661
906,2028,5,975209206
906,2978,3,975209600
907,1250,4,975207961
907,1252,4,975207989
907,1262,4,975207961
907,1267,4,975207901
907,593,4,975207703
907,913,4,975207989
907,1617,4,975207675
907,994,4,975207871
907,3467,4,975207823
907,260,4,975207823
907,1300,4,975207961
907,1193,4,975207849
907,1196,4,975207656
907,858,4,975207784
907,898,4,975207901
907,1586,2,975207675
907,1204,4,975207920
907,1210,4,975207689
907,1221,4,975207849
907,2028,5,975207961
907,1247,4,975207989
932,593,5,975187106
932,1270,2,975186059
932,745,5,975187072
932,912,5,975186294
932,1620,4,975186294
932,2609,5,975187072
932,246,5,975187165
932,2677,5,975187072
932,265,5,975187234
932,296,5,975187165
932,2858,5,975187165
932,1148,5,975187211
932,3863,5,975186736
932,2353,2,975186134
932,2357,5,975186949
932,3386,2,975186134
932,36,5,975187273
932,527,5,975187072
932,1213,5,975187211
932,2028,4,975187234
947,3949,5,975152118
947,1296,4,975151627
947,908,1,975151419
947,2243,4,975151627
947,2248,4,975151603
947,2405,2,975151681
947,2406,3,975151627
947,3072,1,975151449
947,3094,3,975151627
947,2469,1,975151681
947,249,1,975151419
947,1101,2,975151648
947,440,4,975151449
947,2100,3,975151648
947,1307,3,975151603
947,1197,5,975151603
947,2143,2,975151648
947,2145,4,975151666
947,1794,4,975151449
947,3911,4,975152144
951,2987,5,975137937
951,720,5,975137879
951,1,5,975137937
951,596,5,975137937
951,745,5,975137879
951,908,5,975137744
951,963,5,975137744
951,3255,4,975137744
951,2495,3,975137879
951,3499,5,975137744
951,1148,5,975137879
951,2899,3,975137879
951,3114,5,975137879
951,1385,4,975137744
951,3159,5,975137879
951,349,4,975137744
951,2761,5,975137937
951,3725,2,975137879
951,3751,5,975137880
951,2018,5,975137937
951,1223,5,975137937
1070,2053,5,974940828
1070,593,5,974940990
1070,785,5,974941843
1070,216,5,974941859
1070,3481,3,974941783
1070,3489,3,974940990
1070,296,2,974941689
1070,3107,4,974940990
1070,858,1,974941665
1070,2335,5,974941829
1070,3160,2,974941783
1070,3173,4,974941797
1070,3555,5,974941760
1070,2916,5,974941308
1070,3753,5,974941760
1070,1213,1,974941703
1070,3902,1,974941933
1070,1221,1,974941665
1070,2028,5,974941345
1070,3916,5,974941720
1070,2985,4,974940828
1126,1266,5,974906837
1126,590,4,974906450
1126,736,3,974906426
1126,593,4,974906660
1126,1694,3,974906735
1126,2858,2,974906534
1126,480,3,974906426
1126,1193,4,974906259
1126,808,4,974906450
1126,2302,3,974906603
1126,2310,4,974906735
1126,3147,5,974906756
1126,1721,4,974906230
1126,110,5,974906198
1126,2706,1,974906570
1126,303,3,974906837
1126,1784,5,974906570
1126,3735,3,974906259
1126,527,5,974906660
1126,1201,4,974906198
1126,2028,5,974906678
1157,1259,5,974864433
1157,589,5,974866381
1157,3,4,974866318
1157,1408,5,974866381
1157,908,5,974863711
1157,2407,4,974863711
1157,1610,5,974866381
1157,2272,2,974864036
1157,2291,3,974864433
1157,3450,4,974864474
1157,2858,3,974864388
1157,457,5,974866381
1157,480,5,974864474
1157,1580,5,974864474
1157,2391,3,974864036
1157,141,5,974863711
1157,2571,4,974866381
1157,3555,4,974864433
1157,1953,5,974863711
1157,1968,4,974864036
1157,353,4,974864036
1157,2028,5,974866381
1226,3943,4,974837008
1226,3948,3,974836932
1226,3949,5,974836979
1226,3950,3,974837046
1226,3952,2,974836979
1226,2089,3,974836840
1226,2252,2,974836840
1226,2102,5,974836840
1226,3863,3,974837046
1226,1193,4,974836840
1226,3882,3,974836979
1226,3893,4,974836932
1226,3896,4,974836840
1226,3897,2,974836932
1226,3568,3,974837046
1226,3902,3,974837046
1226,3908,2,974837046
1226,3910,5,974836932
1226,3911,3,974836932
1226,3915,4,974836932
1226,3916,2,974837046
1250,2997,5,974840728
1250,3952,3,974840521
1250,922,5,974828092
1250,3072,4,974827963
1250,2600,3,974840773
1250,3408,3,974840521
1250,2827,3,974840728
1250,2858,5,974840691
1250,481,4,974827963
1250,1179,5,974828092
1250,3893,5,975380816
1250,3897,5,974840491
1250,3101,5,974828002
1250,3160,5,974828002
1250,3320,4,974840521
1250,2706,3,974840691
1250,2707,3,974840728
1250,2599,3,974827963
1250,3910,5,975380816
1250,3911,5,974840862
1250,3783,5,974840491
1282,1259,5,974791801
1282,2064,5,974792300
1282,1270,4,974792687
1282,912,3,974791580
1282,2291,4,974791801
1282,1673,3,974791801
1282,3424,5,974792135
1282,266,4,974791801
1282,2858,3,974791802
1282,3685,3,974791580
1282,3868,4,974792687
1282,2324,5,974792591
1282,1394,4,974792687
1282,1721,5,974791580
1282,110,3,974791801
1282,2531,3,974791481
1282,2393,4,974791481
1282,2716,5,974792300
1282,3536,5,974792135
1282,1968,4,974791481
1282,34,5,974792591
1305,2988,5,974784615
1305,3007,5,974784842
1305,2064,4,974785130
1305,3077,5,974784842
1305,2677,5,974785178
1305,2859,5,974784944
1305,3859,4,974785130
1305,1189,5,974784944
1305,1192,4,974785070
1305,1193,5,974784615
1305,3880,4,974784842
1305,3142,4,974785178
1305,3182,4,974785011
1305,3363,5,974784552
1305,162,4,974784552
1305,3539,4,974785178
1305,1961,3,974784552
1305,363,4,974785070
1305,527,4,974784615
1305,549,4,974785011
1305,556,4,974785130
1307,1249,4,974784328
1307,589,5,974784184
1307,1284,4,974784328
1307,908,4,974784184
1307,969,5,974784822
1307,2806,4,974784072
1307,260,4,974784072
1307,2846,5,974784034
1307,2858,5,974784184
1307,661,4,974784184
1307,2382,4,974784034
1307,110,4,974784184
1307,3396,3,974784072
1307,1962,4,974784072
1307,1036,5,974784822
1307,2791,4,974784184
1307,534,4,974784034
1307,1210,4,974784034
1307,1214,5,974784822
1307,2028,5,974784822
1307,1240,5,974784822
1318,3943,1,974779285
1318,3945,1,974779285
1318,2424,3,974778982
1318,260,1,974778982
1318,3481,5,974779424
1318,448,3,974778982
1318,478,3,974779156
1318,3840,3,974779156
1318,3889,3,974779285
1318,3893,2,974779285
1318,3896,3,974779285
1318,3897,4,974779285
1318,2356,4,974779156
1318,3160,3,974779424
1318,3513,4,974779424
1318,3555,4,974779424
1318,340,4,974778982
1318,1200,4,974779156
1318,3753,5,974779424
1318,3908,1,974779285
1318,2023,3,974779156
1351,589,4,974772117
1351,733,4,974772154
1351,1276,3,974771819
1351,903,4,974772117
1351,1617,4,974772154
1351,232,4,974772264
1351,2804,5,974772306
1351,1196,4,974771819
1351,1197,5,974771742
1351,1357,4,974771777
1351,2706,4,974771742
1351,2571,3,974772179
1351,2762,5,974772199
1351,1961,4,974771777
1351,34,5,974772286
1351,2918,4,974772265
1351,1036,5,974772179
1351,47,4,974772154
1351,50,5,974772117
1351,2014,4,974772265
1363,2997,5,974769526
1363,1260,5,974769126
1363,2064,5,974769704
1363,1265,5,974769526
1363,3060,5,974769566
1363,2427,5,974768979
1363,2283,4,974768926
1363,2289,5,974769586
1363,246,5,974769704
1363,3618,4,974769369
1363,3481,5,974769239
1363,3861,4,974769412
1363,1198,3,974768959
1363,2171,4,974769026
1363,3160,5,974769239
1363,2396,4,974769486
1363,2599,4,974769526
1363,2759,4,974769526
1363,2921,2,974768870
1363,77,4,974769761
1363,549,5,974769761
1384,3793,3,975642251
1384,589,4,974765874
1384,733,3,974765773
1384,908,4,974765874
1384,1617,4,974765742
1384,1681,1,974765773
1384,3481,4,975642251
1384,2858,5,974765874
1384,480,4,974765936
1384,3863,5,974858941
1384,3897,5,974858542
1384,3300,1,974765906
1384,3160,3,975642251
1384,1580,4,974765967
1384,110,4,974765805
1384,2571,5,974858717
1384,3555,2,974765967
1384,1035,1,974765906
1384,3578,5,974766101
1384,3751,4,975642251
1384,1210,3,974765742
1384,3753,2,974766023
1385,3930,4,974765946
1385,1259,4,974765900
1385,589,5,974765900
1385,1617,5,974765701
1385,2291,4,974766073
1385,2454,3,974766073
1385,1673,3,974766073
1385,2657,5,974765900
1385,2858,5,974765900
1385,2860,3,974765701
1385,1136,3,974765798
1385,480,3,974766073
1385,1337,4,974765701
1385,2160,3,974766018
1385,2190,1,974765798
1385,3160,4,974766073
1385,110,3,974765798
1385,1954,5,974765798
1385,22,3,974765798
1385,2791,5,974765900
1385,527,4,974765798
1385,551,3,974766115
1406,593,4,974762783
1406,2432,4,974763223
1406,3252,3,974762859
1406,1682,4,974762968
1406,262,4,974762905
1406,296,4,974762905
1406,2858,4,974762859
1406,2100,3,974762499
1406,1198,4,974762591
1406,1393,4,974763007
1406,1704,4,974762819
1406,1721,3,974762499
1406,318,5,974762703
1406,34,4,974762924
1406,527,5,974762761
1406,3752,4,974762591
1406,1213,4,974762761
1406,2959,2,974763019
1406,2023,5,974762533
1406,2986,2,974762558
1431,3930,2,974759100
1431,1259,4,974759006
1431,589,4,974759006
1431,1407,2,974758778
1431,908,4,974759006
1431,3072,4,974758778
1431,2291,3,974759100
1431,2662,4,974758778
1431,3633,3,974758884
1431,2858,4,974759007
1431,480,2,974758884
1431,2124,3,974758884
1431,2160,3,974759100
1431,858,5,974758884
1431,3160,4,974759100
1431,110,3,974759042
1431,45,3,974758884
1431,2791,4,974759042
1431,2948,4,974759100
1431,1210,4,974758726
1431,551,2,974759100
1452,1252,5,974756416
1452,3949,4,974756673
1452,2065,5,974756343
1452,3950,4,974756673
1452,748,4,974756343
1452,3886,4,974756865
1452,3893,4,974756865
1452,3897,5,974756824
1452,1394,5,974756416
1452,1949,5,974756343
1452,197,4,974756416
1452,3551,4,974756416
1452,1961,4,974756416
1452,371,5,974756416
1452,527,3,974756343
1452,2012,3,974756416
1452,3911,5,974756796
1452,3912,2,974756796
1452,3770,3,974756416
1452,3925,5,974756762
1459,2997,4,974842169
1459,1265,5,974842169
1459,3060,5,974842296
1459,2289,5,974842169
1459,1641,5,974842380
1459,1885,5,974842380
1459,2858,5,974842069
1459,2883,4,974842352
1459,1500,2,974842352
1459,3114,2,974842142
1459,3130,2,974755507
1459,2369,2,974755507
1459,2395,5,974842352
1459,2396,5,974842069
1459,3528,1,974755507
1459,176,4,974842296
1459,2599,5,974842190
1459,34,4,974842142
1459,2779,5,974755507
1459,514,5,974842380
1459,2028,5,974755507
1488,593,5,974751017
1488,1270,3,974750556
1488,780,3,974753838
1488,260,4,974753927
1488,2872,2,974754368
1488,608,5,974750639
1488,3836,3,974754343
1488,1196,4,974753927
1488,1198,4,974750468
1488,2313,5,974751222
1488,858,4,974753927
1488,2571,5,974751072
1488,173,1,974753792
1488,2019,5,974750860
1488,1218,4,974750530
1488,1219,5,974750497
1488,1221,5,974753927
1488,1233,5,974753927
1488,1094,5,974750671
1488,1245,5,974750817
1488,2985,4,974750497
1493,1,4,974749429
1493,1265,4,974749591
1493,593,5,974749234
1493,3247,3,974749261
1493,3253,3,974749676
1493,1101,5,974749261
1493,2858,4,974749409
1493,1500,4,974749676
1493,1367,2,974749261
1493,3114,5,974749484
1493,2321,4,974749650
1493,2324,5,974749429
1493,2355,4,974749617
1493,2372,1,974749216
1493,1784,5,974749617
1493,348,2,974749676
1493,356,3,974749197
1493,34,4,974749484
1493,39,4,974749617
1493,1210,4,974749104
1534,593,4,974744871
1534,1293,5,974745862
1534,908,4,974744605
1534,3251,4,974745295
1534,3408,4,974746738
1534,1682,2,974746084
1534,3298,3,974746818
1534,2858,2,974745552
1534,608,4,974747268
1534,2882,2,974744058
1534,1302,5,974745841
1534,1304,4,974745349
1534,150,5,974745801
1534,3379,4,974747104
1534,1957,5,974745751
1534,344,1,974745165
1534,1962,1,974745992
1534,1968,4,974746180
1534,527,5,974744712
1534,1203,4,974745060
1534,2028,4,974744733
1549,1259,3,974741730
1549,1270,3,974741537
1549,908,4,974741693
1549,912,3,974741476
1549,3423,4,974741537
1549,2804,5,974741574
1549,3481,4,974741730
1549,2858,4,974741664
1549,480,4,974741846
1549,1171,4,974741574
1549,804,2,974741957
1549,1544,3,974741867
1549,3175,5,974741574
1549,1580,3,974741755
1549,110,2,974741574
1549,1965,5,974741730
1549,1976,1,974741846
1549,361,4,974741512
1549,527,4,974741512
1549,70,4,974741957
1549,551,5,974741693
1582,3005,5,974737142
1582,1499,3,974736784
1582,998,3,974736749
1582,1689,4,974736170
1582,2826,1,974737046
1582,2683,4,974737086
1582,2694,4,974737142
1582,2858,3,974737046
1582,457,2,974736749
1582,2125,5,974736355
1582,2188,3,974737046
1582,1387,4,974736784
1582,1721,5,974736523
1582,110,5,974736653
1582,2555,3,974737086
1582,2706,5,974737046
1582,2710,4,974737142
1582,2572,5,974737046
1582,2770,2,974737142
1582,520,4,974736355
1582,2006,3,974736749
1582,1221,3,974736513
1615,3948,3,974729219
1615,3949,4,974729130
1615,3950,3,974729219
1615,3951,3,974729219
1615,3952,3,974729219
1615,908,5,974729037
1615,3098,2,974729037
1615,1821,2,974729037
1615,3868,3,974729037
1615,3893,4,974729179
1615,3896,2,974729130
1615,3897,5,974729130
1615,2158,3,974729037
1615,2376,2,974729037
1615,117,3,974729037
1615,3705,2,974729037
1615,2769,3,974729219
1615,3910,2,974729179
1615,3911,4,974729179
1615,3915,4,974729219
1615,3916,2,974729130
1621,3798,4,974726882
1621,3409,4,974726728
1621,3298,3,974726636
1621,3452,3,974727001
1621,3615,3,974726792
1621,3623,3,974726861
1621,3826,3,974726846
1621,3865,2,974726382
1621,1193,2,974726414
1621,2150,3,974726382
1621,1393,4,974726465
1621,1544,4,974726439
1621,3301,2,974726912
1621,1704,3,974726439
1621,3510,3,974726683
1621,3513,4,974726699
1621,1917,3,974726382
1621,3555,3,974726813
1621,3578,4,974726636
1621,3744,3,974726912
1621,3755,3,974726968
1621,3785,3,974726924
1664,1,5,974710684
1664,1265,2,974710787
1664,2092,2,974710183
1664,3253,5,974710787
1664,2858,5,974710397
1664,3809,4,974710824
1664,3114,2,974710616
1664,2321,4,974710717
1664,2355,3,974710684
1664,2506,3,974710616
1664,1721,5,974710147
1664,110,4,974710123
1664,2396,2,974710648
1664,2700,5,974710684
1664,1923,3,974710745
1664,1784,3,974710855
1664,2599,4,974710717
1664,1027,1,974710123
1664,1210,1,974710183
1664,1088,5,974710452
1708,1252,5,974706243
1708,2997,5,974706011
1708,593,5,974705795
1708,1617,5,974706243
1708,2617,4,974705759
1708,3285,3,974706011
1708,2826,3,974705978
1708,2683,5,974706011
1708,3635,4,974705795
1708,2699,3,974706011
1708,2858,5,974705978
1708,1127,4,974705978
1708,2355,3,974706075
1708,2541,3,974706116
1708,2706,3,974705978
1708,2716,4,974706154
1708,2717,3,974705717
1708,2770,3,974706041
1708,2003,3,974705759
1708,1210,4,974705717
1708,541,4,974706243
1708,2976,4,974706075
1713,1614,3,974705435
1713,3409,4,974705723
1713,3287,5,974705756
1713,3624,3,974705665
1713,3484,5,974705723
1713,643,1,974705435
1713,684,1,974705435
1713,690,1,974705435
1713,2174,4,974705435
1713,1534,2,974705435
1713,3300,5,974705665
1713,3173,3,974705665
1713,3354,4,974705811
1713,3510,3,974705665
1713,3513,3,974705665
1713,3555,4,974705665
1713,1968,5,974705435
1713,36,3,974705435
1713,2002,5,974705435
1713,3753,4,974705665
1713,2981,2,974705435
1751,1249,4,974702308
1751,589,5,974702308
1751,3948,5,974702213
1751,912,4,974701766
1751,783,4,974701960
1751,3072,4,974701904
1751,2291,5,974702397
1751,1673,1,974702457
1751,3624,4,974702515
1751,2858,5,974702308
1751,466,5,974701904
1751,480,5,974702457
1751,3893,4,974702213
1751,3310,4,974702706
1751,1721,5,974702031
1751,1580,5,974702515
1751,110,5,974702308
1751,329,4,974701766
1751,1035,5,974702308
1751,3916,5,974702213
1751,3927,5,974702551
1783,3948,3,974699850
1783,1663,4,974700324
1783,1810,4,974700278
1783,2628,4,974699721
1783,489,2,974699721
1783,492,4,974699983
1783,3863,4,974699850
1783,3882,3,974699891
1783,3897,5,974699777
1783,2162,1,974700180
1783,1393,4,974701091
1783,3317,5,974700383
1783,2702,3,974699721
1783,2571,2,974700916
1783,1917,1,974700429
1783,333,4,974701217
1783,1955,5,974701147
1783,45,3,974699684
1783,1060,4,974700820
1783,1221,5,974699684
1783,1244,5,974699983
1801,1259,5,974698486
1801,593,5,974698074
1801,2091,4,974698245
1801,2291,4,974698486
1801,2294,4,974698156
1801,2459,3,974698074
1801,3418,4,974698245
1801,1673,3,974698565
1801,3450,4,974698788
1801,266,5,974698788
1801,2858,5,974698436
1801,480,4,974698618
1801,1327,3,974698735
1801,858,5,974698156
1801,1544,4,974698955
1801,1580,3,974698735
1801,110,4,974698565
1801,144,4,974698618
1801,366,2,974698856
1801,524,4,974698735
1801,1097,4,974698245
1844,593,5,974695954
1844,3072,4,974695878
1844,1617,4,974696051
1844,1676,2,974696051
1844,3285,4,974697862
1844,3298,3,974697768
1844,2109,4,974695878
1844,3897,5,974697151
1844,2188,2,974696051
1844,3317,5,974697260
1844,101,5,974696201
1844,1721,1,974695914
1844,3192,4,974697862
1844,3510,3,974697727
1844,2599,3,974696051
1844,3566,4,974697204
1844,3571,3,974697260
1844,3578,3,974697727
1844,3910,4,974697151
1844,3783,5,974697151
1927,1259,3,974689814
1927,3,3,974689940
1927,1260,4,974690321
1927,1269,4,974689814
1927,1641,4,974689532
1927,2454,4,974689532
1927,3450,2,974689940
1927,2657,4,974689940
1927,1171,3,974689940
1927,2324,4,974689451
1927,1580,4,974689940
1927,2550,5,974689532
1927,1965,5,974689940
1927,1968,4,974689532
1927,2791,5,974689814
1927,2792,1,974689940
1927,70,3,974689940
1927,1212,5,974690321
1927,1228,5,974689451
1927,3911,5,974690482
1927,3928,5,974689814
1927,3929,5,974689814
1993,1257,4,974681868
1993,1,4,974681718
1993,2080,4,974681851
1993,1288,4,974681799
1993,2289,4,974681815
1993,223,5,974681950
1993,3481,3,974681833
1993,1125,3,974681584
1993,1136,4,974681761
1993,3689,1,974681534
1993,1196,5,974681584
1993,1197,5,974681799
1993,1198,4,974681534
1993,1394,5,974681781
1993,2395,5,974681950
1993,2396,4,974681833
1993,329,3,974681584
1993,34,3,974681781
1993,3710,2,974681534
1993,1215,3,974681926
2037,3948,4,974667013
2037,593,5,974666870
2037,3952,4,974667135
2037,2273,5,974668057
2037,3467,4,974666870
2037,1875,5,974666870
2037,3624,2,974668383
2037,1103,5,974666870
2037,3863,1,974667223
2037,3879,1,974667223
2037,3880,1,974667774
2037,3893,5,974667135
2037,3895,4,974667260
2037,3896,1,974667081
2037,3897,5,974667013
2037,3898,2,974667260
2037,2769,3,974667135
2037,2028,5,974666870
2037,3911,5,974667013
2037,3916,2,974667013
2061,3930,4,974659408
2061,3932,4,974659593
2061,1259,4,974659502
2061,581,4,974659023
2061,589,3,974659502
2061,1284,5,974659502
2061,908,5,974659502
2061,1617,5,974659023
2061,3098,4,974659023
2061,1673,4,974659502
2061,3422,3,974659023
2061,3626,4,974659408
2061,3481,4,974659502
2061,2858,5,974659408
2061,1171,5,974659646
2061,3125,4,974658951
2061,3160,5,974659408
2061,1957,4,974659023
2061,3920,5,974659502
2061,3925,5,974659646
2111,1251,4,1015084755
2111,4,3,974649586
2111,1265,3,1015084755
2111,1292,4,1015084791
2111,920,5,1015084539
2111,968,3,1015084539
2111,3244,4,974649586
2111,2454,3,974649586
2111,1670,4,1015084539
2111,2641,3,974649586
2111,450,3,974649586
2111,3683,4,974649586
2111,2897,3,974649586
2111,3897,3,1015084715
2111,858,5,974649586
2111,3359,5,1015084715
2111,154,4,1015084791
2111,2762,4,1015084715
2111,1964,4,1015084755
2111,2936,4,974649586
2128,1259,4,974642849
2128,1269,5,974642849
2128,594,4,974642762
2128,1284,5,974642822
2128,906,4,974642723
2128,908,3,974642822
2128,2455,2,974643075
2128,2657,4,974642849
2128,2858,5,974642822
2128,480,4,974643075
2128,661,3,974643075
2128,1580,4,974642822
2128,110,4,974642822
2128,1909,2,974642723
2128,3388,3,974642762
2128,1965,4,974643075
2128,3720,4,974642723
2128,2948,3,974643075
2128,1210,5,974642723
2128,3753,3,974643075
2133,593,5,974642254
2133,1616,5,974642297
2133,2633,3,974642274
2133,3624,1,974642466
2133,3484,3,974642515
2133,2683,2,974642254
2133,1517,2,974642296
2133,1544,2,974642660
2133,3173,4,974642647
2133,3325,3,974642661
2133,1580,4,974642550
2133,3510,4,974642466
2133,3515,2,974642429
2133,169,2,974642254
2133,3534,3,974642590
2133,3555,5,974642550
2133,3562,5,974642633
2133,524,4,974642590
2133,70,3,974642647
2133,3753,3,974642447
2160,2997,3,974617327
2160,585,1,974617236
2160,902,2,974616842
2160,2618,5,974617282
2160,3421,5,974617134
2160,2804,5,974617220
2160,3481,2,974617308
2160,441,5,974616790
2160,3897,5,974617390
2160,3114,5,974617183
2160,2700,2,974617266
2160,3363,5,974617256
2160,3512,5,974617408
2160,2718,3,974617359
2160,3536,2,974616895
2160,34,5,974617148
2160,2918,5,974617294
2160,2795,5,974616842
2160,1073,5,974616808
2160,1235,4,974617109
2207,1259,5,974602662
2207,589,4,974602690
2207,3948,5,974603167
2207,2088,3,974602506
2207,2291,3,974602713
2207,3249,4,974602468
2207,2628,4,974602426
2207,3450,4,974602815
2207,2858,5,974602662
2207,3897,4,974603104
2207,3327,5,974602662
2207,1580,4,974602748
2207,110,5,974602662
2207,3555,4,974602748
2207,1961,5,974602468
2207,1025,3,974602468
2207,2791,5,974602426
2207,70,5,974602830
2207,3753,3,974602748
2207,551,4,974602748
2207,3916,5,974603167
2234,1284,4,974596262
2234,904,5,974596237
2234,913,5,974596132
2234,1459,3,974596237
2234,1608,3,974596389
2234,1617,4,974596237
2234,2474,3,974596389
2234,1834,3,974596489
2234,260,3,974596132
2234,454,4,974596108
2234,492,3,974596237
2234,800,4,974596262
2234,164,3,974596301
2234,3384,4,974596489
2234,1948,5,974596489
2234,1950,4,974596262
2234,1961,4,974596108
2234,1964,4,974596281
2234,1212,5,974596237
2234,1086,5,974596262
2234,1238,4,974596132
2292,1249,4,974514798
2292,1252,3,974514545
2292,589,5,974514449
2292,1617,4,974514545
2292,3404,2,974514327
2292,3450,2,974514327
2292,608,4,974514798
2292,480,4,974514449
2292,858,4,974514327
2292,1544,3,974514485
2292,2375,1,974514327
2292,1580,4,974514449
2292,110,4,974514449
2292,2529,2,974514449
2292,2533,2,974514485
2292,303,1,974514327
2292,1037,3,974514327
2292,2948,4,974514449
2292,70,3,974514485
2292,1090,3,974514798
2295,588,4,974508656
2295,2085,4,974508269
2295,1459,5,974507179
2295,1608,5,974508628
2295,2439,4,974508583
2295,3251,4,974508605
2295,260,4,974505328
2295,2826,5,974506659
2295,2846,5,974508583
2295,1127,5,974507179
2295,1320,4,974508685
2295,1367,5,974508269
2295,858,5,974505350
2295,1541,4,974507230
2295,2522,4,974508628
2295,3527,4,974505350
2295,3534,4,974508305
2295,1032,5,974508656
2295,1200,4,974508685
2295,1210,4,974505266
2295,1214,5,974508656
2295,2983,4,974505328
2336,1408,4,974422716
2336,1266,5,974423177
2336,2401,5,974423203
2336,1653,2,974422621
2336,266,5,974423242
2336,276,3,974422576
2336,3836,4,974423108
2336,1193,4,974422645
2336,1196,3,974422576
2336,1198,4,974423085
2336,110,4,974423039
2336,3508,4,974423177
2336,3702,4,974423039
2336,3703,4,974423039
2336,2921,5,974423177
2336,2922,3,974423203
2336,1201,4,974423108
2336,2944,4,974423127
2336,553,5,974423222
2336,3923,3,974422923
2336,1240,4,974423085
2373,1248,5,974336118
2373,1252,4,974335835
2373,2203,5,974336118
2373,1267,5,974336118
2373,1284,5,974335835
2373,913,3,974335835
2373,922,4,974336118
2373,930,5,974336118
2373,1617,4,974335835
2373,967,5,974335359
2373,2848,3,974335423
2373,2186,5,974335835
2373,3334,4,974335835
2373,3375,4,974335423
2373,2726,5,974335835
2373,1785,4,974335423
2373,1948,4,974335359
2373,2015,4,974335359
2373,1230,2,974335359
2373,1097,3,974335423
2373,1246,3,974335359
2381,902,2,974324441
2381,910,3,974326289
2381,3203,4,974326889
2381,3089,5,974324511
2381,3420,2,974324441
2381,2828,2,974326954
2381,2683,4,974326771
2381,2688,4,974327051
2381,2858,5,974326708
2381,2333,4,974327113
2381,2355,3,974326849
2381,2369,2,974326889
2381,131,3,974324867
2381,2707,3,974326771
2381,2712,5,974326996
2381,1919,2,974324868
2381,3543,3,974326954
2381,2770,2,974326814
2381,2023,2,974326289
2381,1093,4,974326953
2422,1252,3,974237252
2422,3948,4,974237289
2422,1270,5,974237750
2422,2080,5,974237750
2422,3060,4,974237750
2422,2289,4,974237853
2422,3254,4,974237174
2422,1307,5,974237783
2422,2324,3,974237603
2422,2709,3,974237374
2422,3526,4,974238022
2422,1784,5,974238085
2422,1962,5,974237174
2422,1963,4,974237750
2422,2918,5,974238085
2422,2795,5,974237603
2422,2797,4,974237750
2422,1079,4,974237603
2422,2023,3,974237252
2422,1230,4,974237202
2422,2973,4,974237960
2467,3793,5,974160593
2467,589,5,974161087
2467,902,2,974160530
2467,2628,4,974160811
2467,212,3,974160509
2467,216,5,974160621
2467,246,5,974161665
2467,260,5,974160811
2467,2683,5,974162050
2467,2694,4,974162140
2467,1196,5,974160484
2467,1198,5,974161059
2467,810,3,974160530
2467,2167,5,974160964
2467,2366,5,974161876
2467,104,4,974160641
2467,3327,5,974161645
2467,3511,5,974160909
2467,2716,5,974160716
2467,2717,4,974160716
2467,48,3,974160509
2467,1210,5,974160467
2488,3936,5,974142874
2488,1459,3,974142342
2488,3217,5,974142817
2488,1617,3,974142095
2488,959,5,974142817
2488,2443,4,974143210
2488,1103,4,974142022
2488,3893,4,974142533
2488,3105,5,974143210
2488,111,4,974142342
2488,2724,4,974142342
2488,3534,2,974141966
2488,1956,4,974142721
2488,1961,5,974142760
2488,1962,5,974143007
2488,356,5,974141966
2488,527,5,974142874
2488,2028,4,974143007
2488,3916,4,974142533
2488,1231,4,974143007
2502,1259,5,974084676
2502,1269,4,974084676
2502,918,4,974084578
2502,3408,5,974086203
2502,3298,5,974085611
2502,2858,2,974084676
2502,648,2,974084793
2502,3872,3,974084214
2502,3179,5,974085333
2502,3183,4,974084214
2502,2546,5,974085875
2502,150,5,974084414
2502,1911,5,974086049
2502,2599,5,974086203
2502,1028,4,974084578
2502,1968,3,974084214
2502,36,4,974084414
2502,2791,3,974084676
2502,1059,3,974084414
2502,2015,5,974084214
2502,1084,1,974084213
2516,1,5,974070503
2516,593,4,974070239
2516,3011,4,974070239
2516,912,4,974070165
2516,3255,5,974070632
2516,3418,4,974070199
2516,2628,3,974070199
2516,224,4,974070737
2516,2858,4,974070473
2516,440,3,974070632
2516,3809,4,974070688
2516,852,4,974070737
2516,2355,4,974070528
2516,2359,3,974070651
2516,2539,3,974070711
2516,2396,5,974070473
2516,3513,2,974070429
2516,1923,2,974070672
2516,11,4,974070610
2516,34,4,974070528
2516,357,5,974070711
2516,1049,3,974070199
2527,1287,5,974058435
2527,902,2,974057937
2527,969,3,974058332
2527,1674,5,974057786
2527,260,5,974058332
2527,1304,5,974058383
2527,1196,3,974057786
2527,858,5,974058332
2527,2366,3,974058383
2527,110,5,974058383
2527,2571,5,974058435
2527,1953,5,974058383
2527,3710,1,974057937
2527,2785,3,974057937
2527,2000,5,974058435
2527,1201,5,974058435
2527,2944,5,974058435
2527,1214,5,974058332
2527,1221,5,974057937
2527,2028,5,974058383
2527,1240,2,974058383
2530,2997,3,974054805
2530,2072,3,974054339
2530,2683,4,974054805
2530,2699,3,974054805
2530,296,5,974054445
2530,2858,5,974054755
2530,3809,2,974054160
2530,1127,5,974054755
2530,2153,2,974054206
2530,2188,4,974054755
2530,2343,2,974054206
2530,1722,2,974054160
2530,111,5,974054160
2530,2706,5,974054755
2530,2707,4,974054805
2530,2710,5,974054834
2530,2572,3,974054755
2530,1213,5,974054406
2530,2959,5,974054511
2530,1089,5,974054480
2584,1446,4,973875853
2584,2276,4,973875937
2584,1635,4,973875970
2584,2442,4,973875970
2584,3252,4,973875937
2584,3457,4,973983306
2584,246,3,973875853
2584,1193,3,973875410
2584,2324,3,973875798
2584,3128,4,973875937
2584,110,2,973875498
2584,3185,4,973983340
2584,318,3,973875798
2584,1961,4,973875586
2584,41,4,973875877
2584,3723,3,973875586
2584,1041,5,973875798
2584,3594,4,973983365
2584,1088,4,973875410
2584,1094,4,973875937
2640,2456,1,973570042
2640,2490,4,973570350
2640,3624,5,973570512
2640,2828,1,973570262
2640,2688,2,973570286
2640,2699,4,973570099
2640,1197,5,973569955
2640,3157,5,973570390
2640,3175,5,973570286
2640,2392,4,973570318
2640,2394,4,973570370
2640,2701,2,973570411
2640,2723,5,973570333
2640,2724,4,973570390
2640,24,4,973570370
2640,2761,4,973570303
2640,2763,4,973570411
2640,2764,5,973570042
2640,1210,3,973570042
2640,1097,4,973569972
2640,2041,5,973570227
2644,1259,4,973561236
2644,589,4,973561236
2644,743,1,973561136
2644,908,3,973561236
2644,920,4,973561130
2644,2291,4,973561325
2644,3254,2,973561114
2644,1694,2,973561086
2644,3481,4,973561296
2644,2858,5,973561236
2644,608,4,973561236
2644,480,4,973561357
2644,3868,5,973561296
2644,3897,5,973561459
2644,3160,3,973561261
2644,1580,4,973561343
2644,110,4,973561236
2644,2529,5,973561296
2644,2791,5,973561296
2644,1222,4,973561155
2644,551,5,973561325
2673,1270,3,973427884
2673,3298,4,973428041
2673,1866,1,974561975
2673,2686,5,973428302
2673,2841,4,973428340
2673,3811,5,973427839
2673,3863,4,974372386
2673,1193,5,973427909
2673,1197,5,973428431
2673,2317,2,974561996
2673,2333,5,973428181
2673,2344,5,973428410
2673,3175,3,973428139
2673,2395,4,973428340
2673,151,4,973427839
2673,163,2,973427809
2673,2724,4,973428340
2673,3535,4,973428451
2673,2959,5,973428139
2673,3929,1,975760385
2686,2997,3,973372800
2686,3016,2,973372909
2686,3042,5,973372519
2686,3214,3,973372571
2686,2433,3,973372870
2686,3298,2,973372829
2686,2699,3,973372800
2686,1127,3,973372760
2686,1334,4,973372571
2686,1350,4,973372519
2686,2355,4,973372870
2686,2369,2,973372909
2686,111,2,973372519
2686,2706,4,973372760
2686,3365,2,973372519
2686,2710,1,973372829
2686,318,1,973372519
2686,3551,2,973372571
2686,555,3,973372519
2686,1230,1,973372571
2686,1231,5,973372689
2696,1258,4,973308710
2696,1270,2,973308676
2696,1617,4,973308842
2696,1625,4,973308842
2696,1644,2,973308920
2696,1645,4,973308904
2696,1805,4,973308886
2696,1892,4,973308904
2696,800,5,973308842
2696,2338,2,973308920
2696,1711,4,973308904
2696,3176,4,973308865
2696,2389,4,973308710
2696,1589,3,973308865
2696,2713,1,973308710
2696,3386,1,973308842
2696,1783,4,973308865
2696,350,3,973308886
2696,1092,4,973308886
2696,1097,3,973308690
2714,1259,4,973286690
2714,3072,2,973286489
2714,2657,2,973286760
2714,260,5,973286443
2714,266,5,973286940
2714,2858,5,973286638
2714,608,3,973286638
2714,2881,2,973286489
2714,3868,3,973286723
2714,2160,4,973286690
2714,852,3,973286489
2714,1580,4,973286760
2714,110,5,973286723
2714,2529,4,973286723
2714,1035,3,973286760
2714,2791,3,973286690
2714,2941,2,973286489
2714,70,3,973286931
2714,2033,5,973286931
2714,1090,4,973286638
2759,589,4,973171668
2759,593,3,973171514
2759,2248,5,973172284
2759,2406,4,973172062
2759,2628,2,973171923
2759,2815,2,973171514
2759,260,5,973171923
2759,802,3,973171532
2759,3113,1,973171604
2759,1542,4,973171742
2759,2359,3,973172219
2759,2528,3,973171514
2759,110,5,973171582
2759,3189,4,973171887
2759,1968,5,973171532
2759,527,4,973172816
2759,541,4,973171835
2759,83,4,973172250
2759,3785,2,973172392
2759,1247,4,973172039
2819,2410,3,972659765
2819,3072,3,972659765
2819,3408,4,972659861
2819,260,5,972659780
2819,3481,4,972659825
2819,3148,5,972659861
2819,3301,4,972659881
2819,3316,2,972659910
2819,3324,2,972659920
2819,3326,4,972659897
2819,3190,4,972659881
2819,3354,5,972659881
2819,3355,3,972659897
2819,3513,5,972659861
2819,3545,3,972659765
2819,11,3,972659765
2819,3555,5,972659825
2819,3579,5,972659920
2819,1090,5,972660318
2819,562,4,972659780
2884,2067,5,972215964
2884,902,4,972212653
2884,1834,5,972215801
2884,260,3,972212693
2884,261,5,972258904
2884,2690,5,972215835
2884,1356,3,972859061
2884,3114,5,972258785
2884,2324,5,972215770
2884,2355,2,972258847
2884,3159,5,972216004
2884,2501,5,972215674
2884,3163,1,972859061
2884,1735,4,972215525
2884,2396,5,972215737
2884,3733,4,972212840
2884,62,5,972859209
2884,539,5,972216070
2884,73,4,972215491
2884,1246,4,972859148
2893,1249,5,971998630
2893,3793,4,971998397
2893,1270,3,971998128
2893,1291,3,971998128
2893,924,5,971998516
2893,2628,3,971999092
2893,260,5,971999092
2893,3827,3,971998397
2893,2110,2,971998578
2893,1193,5,971998196
2893,1197,5,971998255
2893,2311,3,971998516
2893,2730,2,971998857
2893,356,4,971998162
2893,36,4,971998578
2893,2918,5,971998889
2893,42,2,971998599
2893,1203,5,971998491
2893,1061,3,971998196
2893,1222,5,971998649
2893,1246,5,971998578
2908,1258,1,971809283
2908,1407,4,971809283
2908,1261,5,971809321
2908,2455,4,971809321
2908,3652,3,971809127
2908,2867,3,971809283
2908,1321,5,971809321
2908,1333,3,971809236
2908,1347,5,971809283
2908,3101,4,971809127
2908,2710,5,971809236
2908,1911,2,971809127
2908,1924,3,971809127
2908,188,1,971809371
2908,1973,5,971809350
2908,366,5,971809350
2908,3727,2,971809236
2908,1994,5,971809350
2908,1219,5,971809283
2908,553,4,971809127
2908,3917,5,971809371
2923,1259,4,971623874
2923,589,4,971623968
2923,1265,4,971623874
2923,1270,4,971623908
2923,1278,5,971623830
2923,1294,4,971623932
2923,260,5,971623968
2923,3671,5,971623932
2923,1136,5,971623830
2923,485,4,971623730
2923,1196,5,971623703
2923,1197,3,971623671
2923,1707,3,971623730
2923,2918,4,971623932
2923,2788,3,971623874
2923,2792,4,971623703
2923,1214,4,971623968
2923,1219,3,971623703
2923,541,3,971623968
2923,1079,3,971623874
2923,1080,4,971623874
2930,1252,3,971537700
2930,290,5,971537700
2930,2858,5,971537605
2930,608,5,971537783
2930,2132,5,971537641
2930,1345,2,971538229
2930,1350,1,971538200
2930,2160,2,971538229
2930,1542,4,971537322
2930,3362,5,971537641
2930,2716,1,971538200
2930,1787,5,971537746
2930,2739,3,971537322
2930,36,4,971537426
2930,1982,3,971538229
2930,1997,1,971538200
2930,527,4,971537426
2930,83,3,971537671
2930,1221,4,971537383
2930,1097,4,971537361
2977,2997,5,971020954
2977,919,3,971020845
2977,932,5,971020623
2977,1484,3,971020953
2977,1639,4,971020777
2977,3247,2,971020488
2977,3421,2,971020547
2977,2683,2,971021239
2977,2694,3,971021255
2977,2858,2,971020518
2977,2145,4,971020518
2977,3893,2,971021591
2977,2369,3,971021285
2977,2714,4,971021443
2977,2724,2,971021370
2977,2581,3,971021350
2977,318,5,971020831
2977,2763,5,971021402
2977,34,2,971021013
2977,2771,3,971021269
2977,2975,4,971021255
3021,2987,4,970506706
3021,1253,4,970506873
3021,593,2,970506822
3021,913,3,970506679
3021,919,3,970506802
3021,924,2,970506920
3021,1617,5,970506649
3021,3246,3,970497509
3021,971,4,970506993
3021,2858,5,970506920
3021,1127,2,970497509
3021,608,3,970506822
3021,1186,4,970507013
3021,1197,4,970497581
3021,3100,2,970506950
3021,3101,3,970497384
3021,164,5,970506705
3021,1954,2,970506993
3021,32,2,970497581
3021,529,3,970506975
3068,3799,2,969989641
3068,593,5,969989860
3068,903,4,969989968
3068,904,4,969989968
3068,908,3,969989860
3068,912,4,969989475
3068,924,5,969990149
3068,1617,3,969989968
3068,2664,4,969990149
3068,3471,5,969990149
3068,260,5,969990149
3068,283,3,969989641
3068,608,5,969989968
3068,480,4,969989557
3068,1196,4,969990149
3068,1358,3,969989860
3068,2501,4,969989641
3068,2378,1,969989475
3068,1035,4,969989641
3068,50,4,969989968
3068,2941,3,969989557
3133,3793,3,969123175
3133,1405,3,969122754
3133,1641,4,969122783
3133,3408,4,969122902
3133,3263,4,969122754
3133,3273,3,969122948
3133,3623,4,969123212
3133,3646,3,969123255
3133,3821,3,969123284
3133,2126,2,969122862
3133,3146,4,969122948
3133,3301,3,969122948
3133,3316,3,969122962
3133,3177,4,969122962
3133,110,3,969122838
3133,3186,4,969122922
3133,1772,2,969122862
3133,3578,3,969123143
3133,3744,4,969123200
3133,3752,2,969123200
3133,3753,4,969123187
3176,3798,4,968788579
3176,593,4,968785799
3176,3273,2,968788826
3176,3285,3,968882742
3176,3299,3,968882754
3176,3452,1,968788707
3176,3615,3,968788579
3176,3623,3,968788648
3176,3481,3,968788555
3176,3824,1,968788707
3176,1552,4,968785799
3176,3317,3,968788555
3176,1721,4,968786073
3176,3185,4,968882723
3176,356,5,968785963
3176,3578,5,968788506
3176,527,5,968786114
3176,3751,4,968786247
3176,3753,5,968786247
3176,3755,4,968786247
3176,3785,1,968786247
3188,1251,5,968674122
3188,1265,5,968674255
3188,2069,5,968674170
3188,924,4,968674049
3188,3099,4,968673353
3188,3408,4,968673554
3188,3410,5,968674606
3188,3420,4,968674023
3188,1694,5,968674507
3188,2858,5,968674218
3188,608,4,968674696
3188,3844,3,968674638
3188,1197,5,968673316
3188,1503,3,968674122
3188,3160,5,968674638
3188,2371,3,968673392
3188,342,5,968674487
3188,356,4,968673353
3188,394,3,968674679
3188,1210,3,968673299
3188,1238,5,968674275
3222,1249,4,968443682
3222,1252,3,968443125
3222,1411,1,968443619
3222,2628,5,968442924
3222,260,5,968443093
3222,296,2,968443682
3222,3676,3,968443218
3222,1150,3,968442924
3222,1193,5,968442964
3222,681,4,968443266
3222,3100,4,968442896
3222,2324,5,968442964
3222,1387,2,968443125
3222,110,5,968443699
3222,3519,4,968442896
3222,345,1,968443602
3222,2762,3,968443573
3222,1201,5,968442964
3222,1208,5,968443125
3222,2028,5,968443682
3225,1256,3,968439256
3225,2064,4,968439333
3225,1265,3,968439374
3225,1267,4,968438919
3225,1288,4,968439452
3225,3030,4,968439230
3225,3039,3,968438993
3225,2289,3,968439374
3225,246,3,968439588
3225,2858,4,968439256
3225,1136,4,968439315
3225,1394,3,968439315
3225,110,3,968438980
3225,2396,3,968439277
3225,34,4,968439333
3225,527,4,968438919
3225,2000,3,968439009
3225,549,5,968439609
3225,1221,4,968438951
3225,1230,4,968439213
3225,1244,5,968439290
3234,2990,2,968366012
3234,1251,5,968366196
3234,908,5,968366599
3234,912,4,968366574
3234,923,5,968366548
3234,3072,3,968366012
3234,3224,5,968366397
3234,3089,5,968366196
3234,1809,5,968366070
3234,233,1,968366548
3234,262,4,968366070
3234,858,4,968366397
3234,3134,4,968366397
3234,872,3,968366331
3234,123,5,968366465
3234,154,4,968366196
3234,1958,3,968366012
3234,2931,3,968366237
3234,1210,3,968366070
3234,2021,4,968366012
3234,2972,4,968366465
3273,904,3,968195932
3273,908,4,968195204
3273,912,5,968196099
3273,923,5,968196631
3273,924,5,968196139
3273,1617,5,968195969
3273,296,5,968195932
3273,3811,4,968196009
3273,1132,2,968196009
3273,3683,4,968196059
3273,1580,4,968195175
3273,318,3,968195871
3273,2730,5,968196163
3273,3555,3,968195567
3273,348,3,968195154
3273,356,4,968195077
3273,3751,4,968195890
3273,1210,5,968195098
3273,2020,5,968196266
3273,1090,4,968195969
3275,2067,3,968188236
3275,3018,4,968190487
3275,1278,5,968190487
3275,1292,3,968190603
3275,2406,2,968188236
3275,2657,4,968190515
3275,260,4,968188236
3275,2858,1,968190603
3275,1129,4,968188236
3275,3819,5,968190553
3275,2874,3,968188213
3275,1148,5,968190603
3275,2300,5,968190603
3275,157,3,968190573
3275,2716,4,968190515
3275,3556,2,968190573
3275,3719,3,968190573
3275,2919,4,968188213
3275,509,3,968188213
3275,1997,2,968190515
3275,2023,4,968188213
3291,2987,2,968083345
3291,593,5,968083546
3291,1277,3,968083435
3291,3079,5,968083473
3291,2455,1,968083345
3291,1694,5,968083435
3291,846,4,968083507
3291,2333,4,968083435
3291,1719,5,968083546
3291,1721,3,968083345
3291,1730,3,968083435
3291,306,5,968083507
3291,3525,3,968083345
3291,34,4,968083435
3291,1041,4,968083507
3291,2794,3,968083345
3291,527,4,968083524
3291,62,4,968083435
3291,2947,3,968083345
3291,1213,5,968083507
3324,1254,5,967910903
3324,1272,5,967910864
3324,745,5,967911290
3324,750,5,967911364
3324,3032,5,967912050
3324,3033,5,967912127
3324,908,5,967910864
3324,3070,3,967910864
3324,1676,5,967912070
3324,1136,5,967911240
3324,1148,5,967911182
3324,1321,5,967910903
3324,1199,5,967911364
3324,2571,5,967911449
3324,32,5,967911449
3324,2916,5,967911752
3324,1210,5,967911449
3324,1214,5,967911364
3324,541,5,967911240
3324,1077,5,967911425
3324,1240,5,967911364
3376,2997,3,967587917
3376,3094,3,967587735
3376,3298,3,967587983
3376,260,5,967587289
3376,2826,2,967587865
3376,2683,4,967587917
3376,2694,1,967587982
3376,2699,4,967587917
3376,290,4,967587735
3376,2858,5,967587865
3376,3811,4,967587420
3376,1517,4,967587339
3376,2188,3,967587865
3376,2707,2,967587917
3376,2710,1,967587983
3376,1944,4,967587420
3376,2908,3,967587983
3376,1961,3,967587420
3376,527,5,967587339
3376,1210,4,967587256
3388,1259,4,967520330
3388,1410,3,967520292
3388,2078,4,967520315
3388,2431,4,967520202
3388,2804,5,967520292
3388,3466,3,967520259
3388,475,3,967520184
3388,497,4,967520259
3388,1188,3,967520330
3388,2137,5,967520202
3388,1197,5,967520277
3388,1394,3,967520347
3388,2355,4,967520347
3388,3178,5,967520315
3388,2716,3,967520315
3388,1961,4,967520202
3388,34,4,967520315
3388,2918,4,967520292
3388,2791,3,967520315
3388,2000,3,967520347
3388,533,1,967520202
3407,1,2,967422022
3407,1265,3,967421968
3407,1286,3,967421783
3407,1617,3,967421824
3407,3404,2,967422133
3407,3450,4,967421925
3407,260,5,967421783
3407,3492,2,967421824
3407,3871,3,967422481
3407,1358,5,967422257
3407,1721,5,967422133
3407,2396,5,967421925
3407,2706,4,967421925
3407,153,2,967421783
3407,2571,5,967422274
3407,2762,5,967422453
3407,356,5,967421925
3407,34,2,967421968
3407,1219,2,967422506
3407,2028,3,967422453
3488,2059,2,967050648
3488,2094,3,967050969
3488,1617,2,967050718
3488,1676,2,967050951
3488,2808,4,967051110
3488,3697,2,967050998
3488,1193,4,967050693
3488,1527,2,967050918
3488,1388,3,967050693
3488,1391,1,967051033
3488,1396,3,967050918
3488,1544,3,967051033
3488,1584,4,967050880
3488,1590,2,967051033
3488,2571,4,967050880
3488,2722,2,967050918
3488,316,4,967050918
3488,172,3,967051110
3488,173,3,967051110
3488,1017,3,967050648
3488,1037,3,967050998
3495,3793,3,967014020
3495,3948,3,974834618
3495,3952,4,974834618
3495,1690,3,967013798
3495,2826,2,974834683
3495,2683,2,967013782
3495,2858,5,974834683
3495,1127,4,974834683
3495,3863,2,974834629
3495,1193,4,967013782
3495,3893,4,974834602
3495,3897,5,974834569
3495,2188,2,974834683
3495,3179,4,974834683
3495,2706,3,974834683
3495,2712,4,967013798
3495,2572,3,974834683
3495,1921,3,967013782
3495,3745,3,967014020
3495,3751,4,967014020
3495,3785,2,967014020
3530,736,5,966895378
3530,737,2,966895378
3530,780,5,966895378
3530,3082,4,966895378
3530,3617,3,966895237
3530,3623,4,966895237
3530,3825,4,966895288
3530,3826,3,966895288
3530,1197,3,966895350
3530,1374,3,966895378
3530,2540,3,966894992
3530,1994,3,966895035
3530,380,4,966895035
3530,2000,4,966895350
3530,2001,4,966895350
3530,1208,4,966894992
3530,1210,5,966895035
3530,3752,3,966895237
3530,3755,5,966895237
3530,3785,4,966895210
3552,3793,3,966818201
3552,3798,2,966818259
3552,3078,2,966818394
3552,3408,4,966818394
3552,3449,3,966817473
3552,3618,4,966818201
3552,3623,3,966818231
3552,3827,4,966818201
3552,1183,3,966817507
3552,3147,3,966818394
3552,3148,4,966818394
3552,3174,3,966818394
3552,3176,2,966818394
3552,3747,4,966818231
3552,3752,1,966818231
3552,2951,4,966817473
3552,1212,5,966817424
3552,3755,2,966818259
3552,2028,3,966817507
3552,1230,5,966817424
3616,2427,3,966601089
3616,1304,4,966601028
3616,1374,4,966601455
3616,1387,3,966601004
3616,858,3,966600751
3616,2194,4,966601409
3616,1721,3,966600821
3616,110,4,966601028
3616,2529,4,966601455
3616,111,4,966600802
3616,2713,3,966600776
3616,1954,5,966601475
3616,3702,4,966601004
3616,1200,4,966601089
3616,1201,3,966601057
3616,1214,5,966601057
3616,1220,4,966601409
3616,3763,4,966601089
3616,1233,3,966600751
3616,1240,5,966601089
3616,2985,5,966601475
3623,2987,3,966566752
3623,1248,4,966566701
3623,1252,4,966566701
3623,1267,3,966566701
3623,1284,5,966566701
3623,3043,1,966566583
3623,913,5,966566701
3623,920,4,966566582
3623,922,5,966566701
3623,930,3,966566701
3623,942,4,966566752
3623,3435,4,966566701
3623,3490,2,966566583
3623,1179,4,966566582
3623,1344,4,966566752
3623,1347,3,966566545
3623,110,4,966566545
3623,3334,3,966566725
3623,2735,3,966566545
3623,2748,4,966566582
3623,2940,5,966566725
3623,541,4,966566701
3633,586,4,966526025
3633,2628,4,966526111
3633,260,4,966526812
3633,419,3,966526111
3633,296,5,966526733
3633,3809,5,966526486
3633,3834,4,966526430
3633,3836,5,966526430
3633,1304,5,966526812
3633,3846,5,966526385
3633,3868,3,966526331
3633,3869,3,966526294
3633,3871,4,966526294
3633,1198,4,966526812
3633,858,5,966526812
3633,3159,3,966526025
3633,1556,4,966526111
3633,1721,3,966526025
3633,2944,5,966526854
3633,2021,2,966526025
3642,581,4,966473608
3642,3007,1,966473608
3642,2078,4,966473693
3642,1288,2,966473693
3642,2294,3,966473510
3642,1649,2,966473608
3642,2494,3,966473608
3642,246,4,966473608
3642,3606,2,966473693
3642,2863,1,966473693
3642,1147,3,966473608
3642,2300,3,966473693
3642,3142,1,966473693
3642,1546,2,966473510
3642,899,5,966473693
3642,2373,1,966473510
3642,107,1,966473510
3642,356,5,966473510
3642,73,3,966473693
3642,1220,3,966473693
3642,2986,1,966473510
3787,1296,4,966020012
3787,2413,4,966020237
3787,2290,2,966020182
3787,1639,5,966019951
3787,3812,3,966020192
3787,1196,5,966019887
3787,1197,5,966019951
3787,1387,3,966020039
3787,2355,3,966020061
3787,3163,4,966020147
3787,2369,4,966020182
3787,314,5,966019927
3787,329,3,966019887
3787,1028,3,966019976
3787,2788,5,966019721
3787,1210,4,966019721
3787,3763,5,966020182
3787,1230,4,966019703
3787,1235,5,966019976
3787,3786,5,966020314
3883,2997,5,967134212
3883,1,3,967134250
3883,1265,5,967134285
3883,3078,3,965822230
3883,2858,5,965822230
3883,3660,2,965822136
3883,3129,3,967134113
3883,3146,1,967134113
3883,3147,3,965822230
3883,3301,2,965822296
3883,2369,4,965822136
3883,3174,3,965822256
3883,3176,3,965822230
3883,3186,3,965822296
3883,3189,4,965822296
3883,135,1,965822136
3883,1784,4,965822136
3883,2599,4,967134250
3883,34,4,967134285
3883,2947,3,965822136
3897,1254,5,965778873
3897,2245,4,965779263
3897,923,5,965778927
3897,1633,2,965778425
3897,1303,5,965779186
3897,2115,4,965778464
3897,648,3,965778464
3897,3153,4,965778387
3897,2359,5,965779227
3897,2366,4,965779091
3897,2367,5,965779091
3897,111,5,965778464
3897,3197,3,965778464
3897,3359,5,965779027
3897,3702,5,965778815
3897,3703,5,965778815
3897,3704,4,965778815
3897,36,2,965779027
3897,2013,2,965778425
3897,2025,4,965778386
3897,1225,5,965778766
3969,2997,4,965660249
3969,3007,4,965660249
3969,3052,3,965660284
3969,2401,4,965660167
3969,3081,2,965660330
3969,3082,3,965660249
3969,2858,5,965660249
3969,2889,3,965660330
3969,480,4,965660127
3969,3129,4,965660284
3969,2190,2,965660167
3969,3147,5,965660249
3969,3174,2,965660330
3969,3176,4,965660330
3969,3324,5,965660410
3969,1721,4,965660086
3969,2528,3,965660086
3969,3186,4,965660284
3969,2393,2,965660576
3969,60,3,965660086
4065,3793,5,965474825
4065,1253,3,965474921
4065,589,5,965474884
4065,1270,4,965474694
4065,912,4,965474670
4065,260,5,965474884
4065,1129,4,965474962
4065,1196,4,965474884
4065,1199,5,965474921
4065,839,3,965474723
4065,1381,2,965474670
4065,3175,4,965474962
4065,2527,3,965474962
4065,2571,5,965474921
4065,316,5,965474723
4065,1200,4,965474884
4065,1210,5,965474921
4065,1214,5,965474962
4065,541,5,965474884
4065,1077,4,965474962
4065,1240,4,965474921
4068,2987,4,965457765
4068,3032,3,965456926
4068,913,4,965457541
4068,2412,3,965456981
4068,2433,4,965457376
4068,2605,5,965457443
4068,2622,3,965457541
4068,3600,4,965456981
4068,2670,4,965457691
4068,2688,5,965457466
4068,1127,5,965457269
4068,480,4,965456981
4068,2147,4,965457376
4068,2396,5,965457691
4068,2555,3,965457314
4068,1911,5,965457402
4068,3516,4,965457314
4068,2762,5,965457717
4068,2013,5,965457656
4068,1212,4,965456981
4110,1254,5,965366406
4110,904,5,965366338
4110,908,5,965366370
4110,919,5,965366310
4110,922,5,965366370
4110,3095,5,965366310
4110,968,1,965366045
4110,969,5,965366406
4110,3435,5,965366260
4110,3467,5,965366370
4110,412,4,965366045
4110,3641,5,965366260
4110,2101,5,965366310
4110,858,5,965366204
4110,3133,5,965366406
4110,3198,2,965366045
4110,3739,5,965366260
4110,1204,4,965366228
4110,1207,5,965366406
4110,2023,2,965366073
4110,1221,3,965366045
4178,7,4,965332001
4178,915,5,965332001
4178,920,5,965330590
4178,923,4,965330640
4178,2424,3,965331744
4178,3418,3,965331448
4178,2858,4,965331318
4178,1926,4,965330728
4178,11,4,965331685
4178,351,4,965331484
4178,356,5,965330728
4178,62,5,965331537
4178,1265,4,965331869
4178,3260,4,965331448
4178,1721,3,965331869
4178,2389,1,965330614
4178,2390,4,965331715
4178,3386,4,965331504
4178,3755,2,965331055
4178,3788,3,965330942
4192,3791,2,965324874
4192,3802,2,965324874
4192,3809,3,965324995
4192,2866,3,965324710
4192,3836,4,965324903
4192,3841,3,965324815
4192,3844,2,965324976
4192,3846,3,965324856
4192,3147,5,965324710
4192,2567,2,965324679
4192,1687,4,965324710
4192,2694,3,965324679
4192,3752,3,965324929
4192,3755,4,965324945
4192,3760,2,965324903
4192,3763,4,965324856
4192,3764,3,965324856
4192,3766,2,965324929
4192,1097,3,965324679
4192,3784,2,965324903
4230,3789,5,965312551
4230,3792,5,965312408
4230,3795,5,965312408
4230,2096,4,965311789
4230,926,4,965311789
4230,3801,3,965311960
4230,3806,4,965312501
4230,3812,4,965312408
4230,3841,3,965311960
4230,3845,3,965311960
4230,1196,3,965311789
4230,1927,4,965311789
4230,736,4,965311789
4230,1013,4,965311789
4230,3751,5,965311992
4230,3753,4,965312551
4230,3755,5,965312551
4230,3763,3,965312408
4230,3764,3,965312408
4230,3784,5,965312463
4230,3788,3,965311960
4244,1136,3,965309091
4244,1196,3,965309091
4244,3157,4,965310377
4244,2568,3,965310236
4244,1911,3,965309580
4244,24,5,965310281
4244,2901,4,965310281
4244,2961,3,965310377
4244,2987,5,965310397
4244,3201,2,965309091
4244,3203,3,965309542
4244,2355,4,965309393
4244,2392,3,965309660
4244,2394,5,965310281
4244,2724,5,965310324
4244,2761,5,965309660
4244,2770,3,965309393
4244,1083,4,965309128
4244,553,2,965309128
4244,2038,2,965309393
4259,3081,4,965305594
4259,1894,3,965305231
4259,2858,5,965305558
4259,1198,4,965305231
4259,2164,3,965305231
4259,3147,5,965305558
4259,3175,4,965305594
4259,3176,3,965305594
4259,3578,5,965305329
4259,1604,3,965305231
4259,3617,3,965305330
4259,3623,4,965305449
4259,3624,5,965305377
4259,3646,3,965305330
4259,832,4,965305231
4259,3751,5,965305330
4259,3753,5,965305416
4259,2020,2,965305231
4259,3762,2,965305231
4259,3782,2,965305231
4259,3785,3,965305377
4264,914,4,965304815
4264,920,3,965304784
4264,2424,5,965305002
4264,1198,4,965305216
4264,1961,3,965304815
4264,350,5,965305060
4264,736,3,965305309
4264,1287,5,965305216
4264,1296,2,965305295
4264,3256,5,965304930
4264,1672,5,965305110
4264,1674,5,965304763
4264,3638,4,965305295
4264,457,5,965305090
4264,1307,5,965305032
4264,110,5,965304904
4264,151,4,965305340
4264,534,4,965305255
4264,539,4,965304973
4264,3753,5,965304930
4264,2028,4,965304763
4332,3052,4,965239081
4332,2402,3,965238927
4332,3081,4,965239081
4332,296,5,965239191
4332,2858,5,965239025
4332,2146,3,965238927
4332,3145,3,965239126
4332,3146,2,965239165
4332,3147,5,965239025
4332,3175,2,965239051
4332,3179,5,965239025
4332,79,3,965238927
4332,2976,4,965239126
4332,2997,4,965239051
4332,737,1,965238927
4332,3238,3,965239126
4332,3269,3,965238876
4332,3285,2,965239126
4332,1729,5,965239202
4332,2028,5,965238876
4365,3791,2,965183620
4365,1439,1,965183470
4365,910,3,965183470
4365,3802,1,965183620
4365,3809,4,965183750
4365,3836,1,965183648
4365,3837,3,965183684
4365,3838,2,965183706
4365,3839,2,965183706
4365,3840,2,965183706
4365,3844,5,965183730
4365,3848,2,965183730
4365,1196,4,965183470
4365,2245,4,965183470
4365,1644,2,965183470
4365,1792,3,965183430
4365,527,4,965183430
4365,3760,2,965183648
4365,3763,3,965183598
4365,3773,1,965183648
4383,593,4,965173488
4383,912,3,965173454
4383,3052,4,965173611
4383,3082,3,965173770
4383,2858,5,965173611
4383,3844,5,965173902
4383,3101,2,965173430
4383,3147,2,965173611
4383,3155,5,965173690
4383,3174,1,965173653
4383,3180,1,965173726
4383,3186,4,965173611
4383,356,5,965173514
4383,39,3,965173488
4383,2997,4,965173611
4383,3299,1,965173770
4383,3301,4,965173726
4383,3302,4,965173690
4383,3326,4,965173770
4383,1099,4,965173514
4393,3052,3,965158912
4393,2858,5,965159095
4393,1500,4,965158877
4393,3180,2,965159528
4393,2571,5,965159702
4393,318,5,965160056
4393,1200,4,965158877
4393,1210,5,965158877
4393,1213,5,965160033
4393,1221,5,965159885
4393,1614,2,965158877
4393,3298,5,965159340
4393,832,4,965158912
4393,858,5,965159885
4393,104,5,965159580
4393,2385,1,965159185
4393,514,4,965159779
4393,1061,4,965159178
4393,2023,4,965159885
4393,1094,1,965160105
4398,593,5,965159981
4398,914,4,965159395
4398,202,1,965159299
4398,3448,5,965159527
4398,246,4,965159941
4398,1101,4,965158776
4398,2858,4,965159501
4398,608,5,965159981
4398,1197,5,965159542
4398,318,5,965160037
4398,356,5,965158911
4398,1203,4,965158846
4398,1247,3,965159318
4398,1270,3,965159562
4398,2248,5,965159378
4398,3608,3,965159527
4398,838,4,965159354
4398,1721,5,965158726
4398,2747,5,965159527
4398,1013,4,965158753
4419,3798,5,965127448
4419,3005,4,965127573
4419,2858,4,965127534
4419,3821,2,965127448
4419,1198,2,965127358
4419,3510,4,965127416
4419,3513,3,965127380
4419,2903,1,965127380
4419,1968,4,965127380
4419,1200,3,965127380
4419,3615,4,965127448
4419,3623,3,965127416
4419,2683,5,965127553
4419,2694,4,965127573
4419,2699,4,965127553
4419,1347,1,965127358
4419,2355,3,965127589
4419,2710,2,965127573
4419,3753,3,965127416
4419,3755,5,965127416
4463,3795,4,965070898
4463,902,4,965070705
4463,1873,4,1031334324
4463,296,5,1031334795
4463,608,4,1031334546
4463,1193,5,1031334283
4463,3167,4,1031334283
4463,344,2,1031334324
4463,50,5,1031334546
4463,1249,5,1031334581
4463,2989,2,965070705
4463,3244,4,965070705
4463,3246,3,1031334795
4463,3250,4,1031334324
4463,2639,4,965070705
4463,1704,3,1031334283
4463,1719,5,1031335439
4463,515,5,1031335334
4463,2028,4,1031334581
4463,1089,3,965070705
4464,3791,3,965070536
4464,593,4,965070427
4464,920,3,965070386
4464,955,4,965071383
4464,248,3,965070427
4464,3801,3,965070427
4464,3809,3,965071252
4464,3834,3,965070502
4464,3844,3,965071097
4464,3138,3,965070386
4464,1948,3,965071453
4464,1234,5,965071414
4464,1276,4,965071340
4464,1294,5,965071383
4464,3253,1,965070427
4464,3608,1,965070386
4464,2300,5,965071470
4464,898,5,965071289
4464,3751,4,965070502
4464,2016,2,965070386
4464,1086,4,965070427
4525,912,3,964808400
4525,2890,3,964808473
4525,1196,5,964808385
4525,3146,2,964808291
4525,2542,3,964808312
4525,356,5,964808385
4525,1200,3,964808458
4525,1204,4,964808354
4525,2944,5,964808458
4525,1208,5,964808385
4525,1245,4,964808291
4525,1250,3,964808385
4525,1294,5,964808458
4525,1299,4,964808385
4525,2628,3,964808291
4525,2395,4,964808291
4525,151,4,964808458
4525,527,5,964808354
4525,2023,4,964808312
4525,1090,5,964808458
4527,2052,2,964801373
4527,242,3,964801373
4527,1196,4,964801373
4527,1507,2,964801373
4527,2525,2,964801373
4527,3578,5,964801421
4527,3598,3,964801421
4527,1210,4,964801339
4527,1639,5,964801519
4527,3617,5,964801421
4527,3623,5,964801421
4527,3624,3,964801421
4527,459,3,964801339
4527,3685,3,964801339
4527,1397,5,964801519
4527,3720,5,964801465
4527,1051,4,964801339
4527,3751,4,964801421
4527,3752,4,964801445
4527,3753,5,964801445
4547,3793,4,964649846
4547,2060,1,964649417
4547,2858,4,964649577
4547,2908,2,964649605
4547,3578,3,964649862
4547,1210,3,964649451
4547,2959,1,964649797
4547,780,2,964649406
4547,3615,3,964649798
4547,3623,3,964649721
4547,2683,3,964649594
4547,2686,4,964649745
4547,480,4,964649472
4547,2355,5,964649617
4547,2706,2,964649577
4547,2712,1,964649797
4547,2716,2,964649670
4547,1777,3,964649417
4547,3744,2,964649883
4547,3751,4,964649846
4548,3791,3,964647624
4548,3054,1,964647594
4548,3072,3,964647594
4548,2433,4,964647765
4548,223,3,964647765
4548,2858,5,964647707
4548,1127,4,964647707
4548,1197,5,964647624
4548,2188,2,964647707
4548,2541,3,964647765
4548,3593,1,964647727
4548,3203,3,964647778
4548,2683,4,964647727
4548,2699,2,964647727
4548,2701,1,964647624
4548,2706,4,964647707
4548,2707,3,964647727
4548,2770,3,964647743
4548,2772,3,964647778
4548,1035,3,964647594
4548,2041,3,964647765
4554,923,4,964547389
4554,1463,4,964547928
4554,1487,3,964547676
4554,3095,4,964547439
4554,260,3,964548094
4554,3499,5,964548040
4554,2155,2,964547051
4554,2174,1,964548276
4554,2571,3,964548119
4554,356,5,964547331
4554,34,4,964547984
4554,367,3,964548276
4554,1210,3,964547051
4554,1219,4,964548040
4554,1270,3,964547106
4554,788,4,964547051
4554,454,5,964547106
4554,2706,4,964547865
4554,2797,3,964548276
4554,1097,5,964548276
4554,3785,1,964547500
4558,3016,3,964529507
4558,919,5,964530249
4558,923,5,964530448
4558,3095,5,964530344
4558,968,4,964529791
4558,3424,5,964529031
4558,1127,4,964529428
4558,1513,4,964529865
4558,2194,5,964529078
4558,3157,4,964529936
4558,1911,4,964529545
4558,356,3,964530515
4558,2676,4,964529708
4558,1302,5,964529218
4558,837,5,964528944
4558,858,5,964530222
4558,2352,5,964528994
4558,2355,4,964529507
4558,2369,1,964529545
4558,2394,5,964529865
4558,2023,4,964528994
4614,2076,4,964143653
4614,904,4,964143571
4614,3072,4,964142534
4614,3083,5,964143406
4614,1183,4,964143286
4614,3148,4,964143120
4614,3176,4,964143639
4614,1964,4,964143594
4614,2969,2,964142576
4614,1230,4,964142557
4614,1252,5,964142641
4614,2236,4,964143183
4614,1617,5,964143571
4614,2621,4,964143449
4614,457,4,964143361
4614,492,4,964143639
4614,2357,5,964143382
4614,1727,3,964143324
4614,2750,4,964143504
4614,1097,3,964142595
4614,3788,3,964142875
4628,585,3,964050337
4628,2433,4,964050938
4628,3408,4,964051308
4628,1832,4,964050337
4628,2861,4,964051308
4628,2881,4,964051127
4628,1911,3,964050987
4628,2975,3,964050764
4628,2976,3,964050764
4628,3247,4,964050337
4628,2605,4,964051127
4628,2669,3,964051657
4628,2688,3,964051399
4628,2369,3,964050987
4628,2396,4,964051732
4628,2714,3,964050337
4628,2757,4,964051399
4628,2762,4,964051732
4628,527,5,964050337
4628,1086,3,964050337
4665,3074,4,963844527
4665,2430,4,963844710
4665,969,5,963844744
4665,2456,3,963844546
4665,2871,5,963844744
4665,2899,4,963844744
4665,1197,5,963844710
4665,1198,5,963844710
4665,2150,4,963844527
4665,3101,4,963844546
4665,3114,4,963845057
4665,3175,4,963844914
4665,314,4,963844710
4665,2916,5,963844936
4665,2968,4,963844914
4665,2987,4,963844914
4665,3213,2,963845057
4665,2672,4,963844527
4665,3699,4,963844744
4665,480,3,963844710
4665,1374,4,963844914
4665,1073,5,963844941
4741,2073,4,963267088
4741,904,5,963267217
4741,922,4,963267140
4741,3062,4,963267088
4741,296,5,963267344
4741,2858,5,963267045
4741,608,5,963267332
4741,1198,4,963266941
4741,3114,4,963267233
4741,1918,3,963266941
4741,44,3,963266941
4741,50,5,963267332
4741,1213,5,963267332
4741,1221,5,963267198
4741,1230,5,963267180
4741,1256,4,963267017
4741,1617,5,963267198
4741,3649,3,963267088
4741,2300,5,963267217
4741,2301,4,963266941
4741,858,5,963267140
4741,541,5,963266941
4749,3006,4,963199683
4749,2069,4,963199555
4749,3081,3,963199762
4749,3082,3,963199846
4749,279,4,963199555
4749,2861,3,963199846
4749,2891,3,963199795
4749,3147,4,963199762
4749,3174,3,963199796
4749,3176,4,963199762
4749,3185,4,963199796
4749,3189,5,963199762
4749,2959,3,963199683
4749,2976,4,963199820
4749,2997,4,963199718
4749,1287,4,963199555
4749,2628,3,963199795
4749,419,2,963199555
4749,2762,5,963199718
4749,2028,4,963199555
4775,3052,3,963033407
4775,3082,4,963033407
4775,990,3,963032605
4775,273,3,963032605
4775,2889,4,963033660
4775,1197,3,963032606
4775,3113,2,963033746
4775,3147,5,963033382
4775,3160,5,963032606
4775,2914,2,963033660
4775,2965,1,963033779
4775,2976,5,963033270
4775,2979,3,963033779
4775,2997,5,963033382
4775,1270,4,963032357
4775,3238,2,963033746
4775,2628,3,963033660
4775,3700,3,963032606
4775,2762,5,963033270
4775,527,3,963032605
4871,593,5,962815730
4871,3052,5,962815829
4871,3081,4,962815864
4871,3082,2,962815829
4871,3450,3,962815730
4871,3452,5,962816118
4871,2858,4,962815797
4871,3113,5,962815916
4871,3175,3,962815864
4871,3176,4,962815864
4871,2959,5,962815797
4871,1221,4,962815677
4871,2995,3,962815916
4871,2997,5,962815797
4871,1270,4,962815650
4871,2628,4,962815829
4871,3617,4,962816020
4871,2762,5,962815797
4871,3717,3,962816087
4871,2004,4,962815712
4871,3755,3,962816020
4880,3462,5,962763380
4880,1103,3,962764092
4880,2858,3,962763586
4880,2883,4,962763722
4880,3125,5,962763666
4880,3158,4,962763772
4880,3163,2,962763586
4880,3176,5,962763990
4880,3185,4,962763772
4880,3548,5,962764148
4880,356,2,962763428
4880,2912,4,962764019
4880,2959,1,962763630
4880,1684,4,962763428
4880,2677,5,962763380
4880,3668,4,962763428
4880,480,2,962763428
4880,1721,3,962763291
4880,3357,4,962763915
4880,2732,5,962763428
4880,527,5,962763347
4881,968,4,962755973
4881,3408,4,962755682
4881,2858,4,962755480
4881,2110,4,962755360
4881,3185,5,962756076
4881,2575,4,962755682
4881,318,4,962755360
4881,1959,4,962755973
4881,2908,4,962755589
4881,2926,4,962755389
4881,1210,3,962755360
4881,2997,4,962755503
4881,2686,4,962756039
4881,2688,4,962755794
4881,2692,4,962756039
4881,2333,3,962755794
4881,2396,5,962756076
4881,2712,4,962755719
4881,2716,4,962755794
4881,2724,3,962756039
4881,2762,4,962756076
4881,527,4,962755297
4943,912,5,962641458
4943,3054,1,962641254
4943,924,5,962641884
4943,2497,3,962641254
4943,1131,5,962641756
4943,1132,5,962641715
4943,621,5,962641348
4943,1172,5,962641688
4943,1196,4,962641817
4943,1956,4,962641688
4943,1961,4,962641254
4943,2919,5,962641688
4943,1210,4,962641817
4943,1217,5,962641688
4943,1225,5,962641715
4943,1270,3,962641348
4943,1296,3,962641715
4943,3602,4,962641348
4943,1300,5,962641688
4943,1036,1,962641254
4943,1097,4,962641817
4991,3789,4,962592396
4991,3006,5,962591976
4991,2439,3,962591830
4991,3426,4,962591895
4991,1193,5,962591830
4991,1198,4,962591895
4991,2501,4,962591895
4991,2942,3,962591830
4991,3698,2,962592396
4991,3699,3,962592425
4991,866,1,962591785
4991,3702,4,962592324
4991,3703,4,962592324
4991,3704,4,962592324
4991,2762,4,962591976
4991,3711,3,962592396
4991,3733,4,962592396
4991,3735,3,962592425
4991,540,1,962591895
4991,1082,4,962591895
4992,593,4,962591544
4992,920,3,962591583
4992,3429,5,962591544
4992,260,4,962592057
4992,265,4,984866989
4992,2858,5,962591733
4992,3101,3,962591615
4992,3175,3,962591805
4992,3176,5,962591733
4992,2581,3,971563675
4992,1200,4,962592057
4992,3948,5,971639968
4992,2628,4,962591805
4992,2664,4,971563764
4992,1377,2,962591615
4992,1387,3,962591615
4992,2724,3,971563644
4992,2739,4,962591583
4992,1073,4,984866989
4992,541,5,962592009
4992,1077,4,962592082
5012,599,5,962584073
5012,3037,3,962584105
5012,3494,3,962584153
5012,2527,2,962584127
5012,3508,4,962584073
5012,2921,4,962584073
5012,383,4,962584153
5012,2951,4,962584105
5012,1221,4,962583952
5012,1256,3,962583988
5012,1266,4,962584073
5012,1283,4,962584105
5012,3253,2,962583952
5012,2628,4,962583970
5012,2653,3,962583952
5012,3671,3,962584073
5012,3681,3,962584105
5012,1304,4,962584244
5012,2701,2,962584201
5012,1008,3,962584187
5027,3072,4,962570295
5027,1805,3,962570295
5027,223,3,962570484
5027,2858,5,962570417
5027,1198,5,962570253
5027,3176,2,962570785
5027,2598,3,962570705
5027,1246,5,962570295
5027,785,3,962570620
5027,2605,4,962570528
5027,2683,2,962570443
5027,2336,3,962570528
5027,2395,3,962570758
5027,2396,4,962570758
5027,2700,4,962570758
5027,2716,4,962570566
5027,2723,4,962570669
5027,2734,4,962570646
5027,2762,4,962570758
5027,1091,1,962570295
5052,919,5,962491733
5052,208,5,962491445
5052,2132,4,962491701
5052,1198,5,962491406
5052,3147,5,962491733
5052,3194,4,962491565
5052,1204,4,962491715
5052,1221,3,962491701
5052,1249,5,962491701
5052,1657,4,962491597
5052,1394,2,962491675
5052,1726,5,962491565
5052,3335,4,962491536
5052,150,3,962491406
5052,3702,5,962491424
5052,2761,4,962491675
5052,3753,5,962491633
5052,541,4,962491675
5052,2025,5,962491701
5052,2028,3,962491445
5052,1097,4,962491406
5116,574,4,962303871
5116,3051,3,962304007
5116,2858,5,962304007
5116,1537,5,962304282
5116,3148,5,962303872
5116,3157,2,962304007
5116,3163,5,962304007
5116,3174,4,962304171
5116,3175,4,962304056
5116,3176,4,962304056
5116,2599,3,962304312
5116,1953,5,962303871
5116,2908,5,962304135
5116,1961,4,962303872
5116,34,5,962304282
5116,1246,4,962303871
5116,2997,5,962304007
5116,1265,5,962304363
5116,2324,5,962304363
5116,2396,5,962304282
5116,2762,4,962304056
5117,586,1,962300984
5117,3051,3,962468827
5117,2805,2,962468956
5117,2858,4,962468827
5117,2541,2,962468876
5117,1909,2,962300985
5117,2997,4,962468846
5117,3248,3,962301007
5117,2683,5,962468846
5117,2694,4,962468863
5117,2396,5,962469002
5117,2707,4,962468846
5117,2710,3,962468863
5117,2712,2,962468912
5117,2716,2,962468925
5117,2722,2,962468892
5117,2724,3,962469002
5117,1006,3,962300984
5117,2763,4,962469020
5117,2028,4,962301007
5117,1097,4,962300985
5145,3052,4,962028893
5145,3053,1,962028970
5145,3081,3,962028970
5145,3082,2,962028970
5145,1845,1,962028834
5145,2858,5,962028893
5145,2891,3,962028947
5145,2152,4,962028814
5145,3113,2,962028995
5145,1518,3,962028834
5145,3145,4,962028934
5145,3147,3,962028914
5145,3175,3,962028893
5145,3176,4,962028914
5145,2907,1,962028970
5145,2959,5,962028893
5145,2997,5,962028893
5145,2267,2,962028834
5145,2762,5,962028914
5145,3742,5,962028814
5159,3,3,961935975
5159,919,5,961935975
5159,3409,3,961936284
5159,2490,4,961936134
5159,3452,2,961936342
5159,260,5,961936106
5159,3190,2,961936382
5159,3510,4,961936183
5159,3513,3,961936284
5159,3555,4,961936253
5159,3578,3,961936214
5159,3593,2,961935999
5159,1644,2,961935975
5159,2628,4,961936106
5159,3615,3,961936214
5159,420,1,961935975
5159,3354,2,961936317
5159,3717,3,961936317
5159,511,2,961935998
5159,3752,2,962073950
5168,1,5,961892162
5168,597,4,961892376
5168,2473,3,961891658
5168,1193,5,961891658
5168,1196,4,961891620
5168,3114,4,961892110
5168,1517,5,961892269
5168,1923,5,961892225
5168,3543,4,961891658
5168,11,4,961892376
5168,356,5,961892345
5168,34,4,961892142
5168,357,5,961892500
5168,62,5,961891682
5168,1265,5,961892376
5168,2671,5,961892422
5168,2683,3,961892269
5168,480,5,961891682
5168,1784,5,961892142
5168,2770,4,961891682
5174,3007,5,961862938
5174,3051,4,961862982
5174,3055,5,961862982
5174,235,4,961862808
5174,2891,3,961862938
5174,3115,4,961863086
5174,3116,4,961863087
5174,3118,4,961863087
5174,3125,4,961863006
5174,3129,5,961862938
5174,3146,1,961863166
5174,3163,5,961862938
5174,3186,4,961863006
5174,2908,4,961862982
5174,2912,5,961862982
5174,2921,4,961862808
5174,2997,5,961862938
5174,3636,4,961862808
5174,480,2,961862808
5174,1344,4,961862808
5174,2018,4,961862808
5207,1404,4,961625893
5207,2065,4,961626172
5207,2081,5,961626172
5207,2088,1,961625893
5207,2406,4,961626172
5207,3422,3,961626135
5207,2872,4,961626173
5207,2100,4,961626172
5207,1172,5,961626135
5207,1197,5,961626135
5207,2919,4,961626135
5207,1210,2,961626172
5207,1270,4,961625910
5207,1296,3,961625893
5207,2243,4,961626135
5207,2248,5,961626172
5207,1617,5,961625893
5207,1674,5,961626135
5207,3685,4,961626173
5207,1307,4,961626135
5207,1735,2,961625910
5207,2020,4,961626135
5215,902,5,961550978
5215,919,5,961550978
5215,3072,5,961551031
5215,941,3,961551112
5215,3435,4,961551131
5215,260,5,961551241
5215,1171,3,961551030
5215,2138,3,961551112
5215,3101,4,961551031
5215,2521,4,961551031
5215,58,4,961550978
5215,1204,5,961551210
5215,1207,5,961551241
5215,1221,5,961551210
5215,1230,4,961551148
5215,1252,4,961551210
5215,720,5,961551210
5215,745,5,961551210
5215,858,5,961551131
5215,515,5,961550978
5216,593,3,961550490
5216,223,5,961551145
5216,2858,5,961550613
5216,1127,4,961550613
5216,2188,2,961550613
5216,2555,1,961550667
5216,318,5,961550437
5216,34,3,961550490
5216,3593,1,961550667
5216,2997,4,961550667
5216,2683,4,961550667
5216,2694,3,961550800
5216,2699,2,961550613
5216,2355,5,961550800
5216,1721,1,961550437
5216,3360,2,961550490
5216,2706,4,961550613
5216,2707,4,961550667
5216,2710,3,961550801
5216,2028,5,961550469
5258,589,4,961206881
5258,3037,5,961206536
5258,963,4,961206536
5258,2490,5,961206881
5258,1112,3,961206881
5258,2857,2,961206536
5258,694,3,961206881
5258,2515,3,961206536
5258,2568,5,961206536
5258,1277,3,961206881
5258,749,4,961206536
5258,1617,5,961206536
5258,3267,5,961206881
5258,2692,3,961206881
5258,3652,5,961206536
5258,457,5,961206881
5258,2307,5,961206881
5258,2341,4,961206536
5258,2396,5,961206536
5258,1788,3,961206881
5309,2433,4,960928651
5309,223,5,960928651
5309,2858,4,960928582
5309,1127,3,960928582
5309,1136,5,960928341
5309,1196,5,960928319
5309,1500,3,960928319
5309,2188,2,960928582
5309,50,4,960928290
5309,785,4,960928735
5309,3203,4,960928651
5309,2605,2,960928689
5309,2683,3,960928596
5309,2699,3,960928582
5309,2336,5,960928689
5309,2355,4,960928616
5309,2706,4,960928582
5309,2770,4,960928616
5309,527,5,960928341
5309,2028,5,960928341
5314,593,4,960919026
5314,3481,4,960919056
5314,2858,5,960919130
5314,1129,2,960919026
5314,1188,3,960918991
5314,3175,5,960919142
5314,318,5,960919026
5314,10,3,960919026
5314,32,5,960918991
5314,2959,4,960919130
5314,2997,5,960919104
5314,2628,3,960919166
5314,3671,4,960919216
5314,3676,1,960919245
5314,3684,3,960919245
5314,3686,3,960919245
5314,2391,4,960918991
5314,3712,4,960919301
5314,3723,3,960919268
5314,2792,2,960919026
5380,3006,5,960393094
5380,3042,1,960392672
5380,2470,4,960392672
5380,3452,4,960392933
5380,3484,2,960392933
5380,2836,3,960393128
5380,2858,5,960393094
5380,3142,3,960392672
5380,3174,3,960393128
5380,3534,1,960392933
5380,3535,5,960392870
5380,3578,3,960392773
5380,3593,1,960392933
5380,3598,3,960392773
5380,66,2,960392672
5380,3268,1,960392672
5380,3617,4,960392933
5380,3623,3,960392833
5380,3355,4,960392933
5380,2762,4,960393094
5409,593,3,960244898
5409,902,3,960244936
5409,3052,4,960245090
5409,3053,2,960245126
5409,3082,2,960245126
5409,1488,4,960244936
5409,3466,4,960244936
5409,2858,5,960245056
5409,2889,3,960245090
5409,3113,3,960245142
5409,3145,5,960245106
5409,3174,3,960245090
5409,3175,3,960245090
5409,2912,3,960245090
5409,1210,3,960244967
5409,2976,2,960245090
5409,1250,5,960244967
5409,2997,3,960245056
5409,2628,2,960245090
5409,2748,1,960244967
5409,2762,5,960245056
5439,3789,5,962551142
5439,3006,5,959996760
5439,3022,5,959996558
5439,912,4,959996558
5439,919,5,959996652
5439,3055,4,959996760
5439,2858,4,959996760
5439,2883,4,959996786
5439,3118,3,959996760
5439,3174,3,959996815
5439,2966,4,959996760
5439,2997,4,959996760
5439,3649,2,959996610
5439,1387,4,959996652
5439,3734,4,962551142
5439,3742,5,962550969
5439,3744,1,962551169
5439,3746,5,962551030
5439,539,3,959996558
5439,3752,1,962551107
5439,3753,1,962551142
5439,3788,3,962550999
5465,2433,3,959898257
5465,223,3,959898275
5465,2858,5,959898214
5465,2134,4,959898124
5465,2147,3,959898275
5465,1911,2,959898296
5465,2581,3,959898366
5465,2599,4,959898312
5465,2987,2,959898420
5465,2997,5,959898236
5465,1616,3,959898123
5465,3273,1,959898396
5465,2622,3,959898356
5465,2683,3,959898236
5465,1304,2,959898123
5465,1362,5,959898123
5465,2336,5,959898312
5465,111,5,959898123
5465,2396,4,959898396
5465,2706,2,959898214
5465,2712,4,959898312
5465,2016,1,959898124
5525,2053,3,959636533
5525,1,4,959636806
5525,595,4,959636943
5525,2081,4,959636450
5525,1894,4,959636387
5525,3114,4,959636783
5525,1517,5,959637041
5525,3157,2,959636654
5525,2501,5,959636828
5525,1562,2,959636563
5525,356,5,959636604
5525,1271,5,959637064
5525,3253,5,959637051
5525,2687,4,959636931
5525,480,4,959636828
5525,2355,4,959636890
5525,150,5,959636806
5525,2761,1,959636970
5525,2762,5,959636654
5525,1042,5,959636992
5529,2059,4,959624261
5529,912,5,959624261
5529,934,3,959624261
5529,2804,4,959624261
5529,3512,5,959624317
5529,3515,5,959624317
5529,1918,2,959624261
5529,3536,5,959624317
5529,3538,5,959624317
5529,3571,5,959624317
5529,3578,5,959624547
5529,731,3,959624261
5529,3617,5,959624317
5529,3618,5,959624317
5529,423,3,959624261
5529,3317,5,959624317
5529,3319,5,959624317
5529,3327,5,959624317
5529,110,5,959624261
5529,2764,3,959624261
5529,538,3,959624261
5533,902,3,959609403
5533,969,5,959609799
5533,2442,4,959609356
5533,2453,2,959609699
5533,247,4,959609699
5533,260,5,959609699
5533,266,4,959609403
5533,1185,5,959609403
5533,1198,4,959609799
5533,3101,2,959609315
5533,2173,4,959609699
5533,1913,5,959609356
5533,1217,5,959609596
5533,1221,4,959609596
5533,1304,4,959609799
5533,858,4,959609596
5533,2797,4,959609699
5533,2019,5,959609799
5533,2028,3,959609799
5533,1097,4,959609699
5725,3005,4,958496803
5725,1442,3,958496255
5725,3052,5,958496770
5725,3481,5,958496360
5725,2861,1,958496789
5725,3113,3,958496818
5725,3510,4,958496335
5725,3514,3,958496460
5725,3536,5,958496389
5725,3556,4,958496360
5725,2908,5,958496756
5725,1210,4,958496189
5725,2997,5,958496756
5725,3298,4,958496335
5725,1342,1,958496189
5725,3300,4,958496335
5725,3324,4,958496473
5725,3354,1,958496389
5725,145,2,958496230
5725,193,2,958496255
5804,2067,5,957993115
5804,590,3,957992988
5804,912,2,957993041
5804,920,2,957992298
5804,1459,4,957992661
5804,944,2,957992583
5804,260,4,957992532
5804,2858,3,957992509
5804,3101,4,957992207
5804,3543,3,957992392
5804,3545,4,957992371
5804,1959,5,957992768
5804,1961,5,957992270
5804,356,3,957992886
5804,3591,3,957992452
5804,1230,4,957992270
5804,1270,4,957992298
5804,1682,5,957992552
5804,3317,4,957992700
5804,1721,4,957992910
5804,1094,3,957992634
5810,3420,5,957938933
5810,3471,3,957938827
5810,608,5,957939019
5810,2881,4,957939126
5810,1198,4,957938775
5810,3101,4,957938826
5810,318,4,957939019
5810,1210,3,957938826
5810,1213,2,957938995
5810,1221,4,957939019
5810,2997,5,957939088
5810,1262,5,957938775
5810,1299,5,957939019
5810,1699,3,957938980
5810,858,5,957938980
5810,110,1,957938795
5810,2384,4,957938826
5810,2712,3,957939147
5810,2762,3,957939088
5810,508,5,957938775
5810,1041,4,957938980
5828,3052,2,957893652
5828,3072,4,957893575
5828,3471,4,957893531
5828,260,5,957893531
5828,2827,1,957893726
5828,2840,2,957893726
5828,2861,1,957893672
5828,3113,1,957893726
5828,325,1,957893531
5828,344,4,957893575
5828,2908,4,957893652
5828,2912,4,957893672
5828,2959,4,957893652
5828,2974,1,957893740
5828,2976,4,957893726
5828,2995,1,957893575
5828,2628,3,957893689
5828,2712,1,957893689
5828,2762,3,957893652
5828,2028,4,957893531
5863,3005,5,957666278
5863,593,3,957665954
5863,2076,4,957666073
5863,3052,3,957666231
5863,942,3,957666072
5863,3405,2,957666022
5863,2829,4,957666278
5863,2861,3,957666185
5863,2870,4,957666073
5863,2881,5,957666278
5863,3157,3,957666389
5863,3175,5,957666185
5863,1580,4,957665954
5863,2906,5,957666294
5863,356,5,957666072
5863,2961,3,957666278
5863,2996,4,957666231
5863,1617,4,957666022
5863,2628,5,957666389
5863,2716,3,957666073
5863,2762,5,957666185
5899,597,4,957445119
5899,3018,1,957444865
5899,2082,3,957445149
5899,3033,4,957445149
5899,2416,2,957445099
5899,3489,4,957445149
5899,3494,5,957444948
5899,610,2,957444865
5899,1907,4,957445099
5899,3525,3,957445284
5899,1935,4,957444981
5899,3551,4,957445341
5899,3552,5,957444948
5899,1967,3,957444865
5899,3591,4,957445100
5899,62,3,957444865
5899,2995,2,957445180
5899,3339,3,957445180
5899,3360,3,957444981
5899,2762,5,957444981
5899,2023,3,957444865
5904,589,5,957380803
5904,597,3,957380803
5904,2076,4,957380849
5904,913,4,957380803
5904,2474,3,957380928
5904,1127,3,957380821
5904,2124,3,957380943
5904,1196,4,957380590
5904,3552,3,957380778
5904,345,4,957380778
5904,356,4,957380525
5904,1240,4,957380803
5904,2997,5,957380821
5904,1617,3,957380570
5904,2628,3,957380621
5904,410,2,957380974
5904,1375,3,957380887
5904,2712,4,957380900
5904,500,4,957380621
5904,1095,2,957380525
6034,913,5,956712258
6034,942,5,956712388
6034,967,3,956711771
6034,3435,4,956712258
6034,1179,5,956712388
6034,2186,4,956712333
6034,3130,3,956711771
6034,320,3,956712258
6034,344,2,956711771
6034,2987,3,956712388
6034,1248,5,956712258
6034,1252,4,956712258
6034,1260,5,956712333
6034,1267,5,956712333
6034,1284,5,956712333
6034,1617,4,956712258
6034,1345,4,956711771
6034,3334,3,956712333
6034,2726,5,956712258
6034,527,4,956711771
6034,541,5,956712258
6038,1419,4,956714815
6038,920,3,956706827
6038,3088,5,956707640
6038,232,4,956707640
6038,1136,4,956707708
6038,1148,5,956707604
6038,1183,5,956717204
6038,2146,4,956706909
6038,3548,4,956707604
6038,356,4,956707005
6038,1210,4,956706876
6038,1223,5,956707734
6038,1276,3,956707604
6038,1296,5,956714684
6038,1354,3,956714725
6038,1387,2,956707005
6038,2700,1,956715051
6038,2716,3,956707604
6038,3396,3,956706827
6038,1079,5,956707547
